8.33586751 -2.21698545 -1.30263027
7.92936915 3.53483368 -4.22368416
8.58622174 -2.64752468 -1.16264441
9.05273107 1.52936457 1.32185071
9.06515870 1.55085283 1.30169550
8.79960660 -2.22592143 -1.36094701
8.45345207 2.07150920 -3.49357743
8.83818224 -2.42859715 -1.30102838
8.47953510 2.01616859 -3.46568338
9.52966528 1.16068689 1.51786377
9.67944480 0.81368336 1.68970026
9.34404307 -2.24285446 -1.42066326
9.10623709 2.84655877 -3.97210075
9.15389733 2.85805358 -3.98245562
9.15496129 2.84081277 -3.97414450
9.31497726 3.26908794 -4.23030963
9.34817643 3.00411551 -4.08772841
9.33088703 3.35852763 -4.28242401
10.01239543 1.41115322 1.33003308
9.49959283 2.02025451 -3.56643630
10.09510563 1.39903564 1.32962892
10.15946454 0.59394573 1.78051602
9.85547100 -2.26456753 -1.47389767
9.65920756 2.07052211 -3.61268888
10.38090893 0.29971121 1.90916366
10.51516803 0.30738718 1.89536230
10.02719585 3.50012314 -4.42739444
10.11498176 1.88188958 -3.54346976
10.35273329 2.77549208 -3.42070127
10.35533705 4.14766348 -4.17693214
10.42757225 3.15930898 -3.63562765
10.45211214 2.45896870 -3.25128825
10.43714162 3.03915197 -3.56762412
10.46297812 2.44248411 -3.24266117
10.45306529 2.87576947 -3.48147535
10.47927580 2.11729947 -3.06694581
10.44429185 3.44110696 -3.78976928
10.78822230 0.39411279 1.82277919
10.78989445 0.34152760 1.84884329
10.49174709 2.34983707 -3.19472100
10.81678887 0.31169229 1.85828305
10.82321308 0.34535036 1.84081935
10.71960085 -1.88365922 -0.97774606
10.58130386 3.44630977 -3.80456543
10.59747667 3.98230048 -4.09787512
10.62459151 3.41123740 -3.78765887
10.91960089 0.34925718 1.81769192
10.71004121 2.40406957 -3.24501717
10.68874940 3.38173683 -3.77428750
10.69161792 3.28297562 -3.71627079
10.89099663 -3.55725635 -0.16985640
10.73979457 2.44737690 -3.26719193
10.90847898 -3.56465518 -0.16710365
10.84365948 -0.49673966 -1.65913314
10.86035087 -0.41838359 -1.70361557
10.77493378 3.31133129 -3.73751287
10.88080591 -0.48286842 -1.67114227
10.80956531 2.53982205 -3.31665097
10.88467466 -0.45070788 -1.68896526
10.84486992 1.72261925 -2.87040176
10.90093864 0.84316691 -2.38795743
10.90316085 0.95319833 -2.45007533
10.92030714 0.64507988 -2.27899287
10.96395689 -0.42281464 -1.71043220
11.06144389 3.96584711 -3.24883487
11.19712100 3.36159889 -2.92300178
11.23719388 3.36167658 -2.92771881
11.29972576 -0.74182869 -0.68678369
11.30022144 -0.09830577 -1.01864815
11.27736099 3.35578111 -2.92741330
11.37263226 -2.36165348 0.13181971
11.41154564 0.50194368 -1.36200244
11.44776991 1.16420778 -1.72624753
11.50055757 0.21268606 -1.21557853
11.50119904 0.83002366 -1.55995595
11.63899961 -2.71799936 0.27685798
11.65566508 -2.72578853 0.27758883
11.64812070 2.42051329 -2.44635975
11.66920808 -0.11131652 -1.06084385
11.68057388 -2.71854773 0.27000276
11.69699274 2.57369212 -2.53700201
11.78441591 2.41549871 -2.45823315
11.79983595 -0.09812636 -1.09022593
11.83841138 3.35697325 -2.99310197
11.82663760 -2.05496801 -0.07489772
11.93012880 -1.73155183 -0.26133102
11.97036002 3.54558079 -3.10317275
12.09548854 2.73339757 -2.67427633
12.18384964 2.71780722 -2.67820301
12.30550764 2.65917114 -2.65665999
12.45437949 3.32683041 -3.05014391
12.60790937 0.22338768 -1.37991138
12.71608724 -0.42143600 -1.05597318
12.88628240 2.68325493 -2.74254975
13.62044302 1.80457144 -2.38167853
13.62616066 1.83269927 -2.39129711
13.76266877 3.64869968 -3.41161699
14.22989805 3.66065852 -3.49809551
14.32020243 3.65414497 -3.49865812
14.14343962 -0.11561552 -1.45177970
14.36090183 2.41531294 -2.82116535
14.41737074 3.04528481 -3.17341939
14.11075913 -1.43064530 -0.76599902
14.45929675 1.72308708 -2.45532296
14.25519926 -1.10388352 -0.96052332
14.59544629 2.86094799 -3.08681604
14.53000000 1.41584617 -2.30331237
14.66942471 2.96425831 -3.15181085
14.55384120 1.44532460 -2.33495975
14.62368270 2.09560313 -2.68519137
14.40012549 -0.79587344 -1.14104133
14.50658443 0.52686896 -1.82968307
14.69593913 2.09044998 -2.68868160
14.91280709 2.92818750 -3.17112277
14.74537053 1.10270168 -2.16540410
14.99617749 3.27362044 -3.36631659
14.84744310 1.46142924 -2.37939401
14.59321337 -1.46153422 -0.82353624
14.69470658 -0.47243547 -1.35344952
15.01537552 2.59908446 -3.00680663
14.83265990 0.54539488 -1.89549822
14.90550725 1.15264863 -2.23057275
14.84356758 0.46672483 -1.85365276
14.93850289 1.15285555 -2.23314815
14.73946379 -1.12658461 -1.02343466
14.78433723 -1.78847620 -0.68768150
15.00127432 -0.12920348 -1.57499033
15.31661672 2.63052822 -3.06121128
14.86156667 -2.12809039 -0.52595604
15.47370791 3.16973950 -3.36073191
15.28537560 1.24513992 -2.32078865
15.32791348 0.50966913 -1.95515952
15.31785683 0.22499547 -1.79351434
15.25737459 -0.45104805 -1.44657240
15.31367064 -0.84018852 -1.24566495
4.98616369 3.85940346 -3.99585052
5.01556441 3.84706205 -3.99414602
6.62185335 -2.42329340 -0.99386693
6.56777431 3.14525171 -3.85673959
8.11089141 1.57815982 1.42466877
8.22509354 1.77919897 1.29222255
8.31951153 1.11927140 1.62173920
7.55052458 -1.31568554 -1.65100048
7.07382006 2.82259734 -3.74640596
8.35509156 1.11119375 1.62051229
8.52085847 1.65194496 1.34175637
8.12072742 -2.41495646 -1.20321929
8.13700988 -2.59507873 -1.12395547
10.86231014 1.40942149 1.25158797
10.93799843 1.33969629 1.28344805
10.23426183 0.51936635 1.85982010
10.31384119 0.22052390 1.99444164
10.92404492 0.17795439 1.88109236
10.11000426 1.39155010 1.36568144
9.21318430 1.46345118 1.40121536
10.72571884 -1.85406077 -1.06438837
10.56082407 -1.84963038 -0.99428749
9.62287582 1.11972590 1.57296685
12.08390914 2.90952082 -2.82514415
12.60707080 -0.40703685 -1.00411751
12.67552146 1.75564354 -2.23217328
9.29744024 3.29813339 -4.42535737
10.88783403 -3.55136180 -0.15240484
11.31458888 -1.41286702 -0.35575270
10.62616492 0.71268220 1.70799995
8.28381061 1.27954569 1.61495571
10.99598399 1.10763476 1.42455217
10.25300444 0.14338042 1.87638980
10.24822654 0.08680382 1.81900115
10.24042488 0.01320727 1.71231043
10.23314954 -0.07028250 1.59260953
10.23069141 -0.13718612 1.49909084
10.27484032 -0.20581343 1.38591346
5.95658238 -1.16133029 -1.68335082
5.67091312 3.62748479 -4.28180518
5.71060950 3.61054994 -4.27542661
6.36679303 1.78142505 1.46893438
6.19284082 3.65898514 -4.34489003
6.41577067 3.43215025 -4.23988732
6.45921045 3.43370086 -4.24413043
6.46743970 3.47579561 -4.26676080
6.94969293 -2.64810415 -1.05050405
6.97514248 -2.61917367 -1.07476670
6.61334945 3.94441035 -4.54069253
7.01956518 -2.41453725 -1.16646220
6.92721002 2.93015260 -4.00268481
6.93163278 2.94783738 -4.01300808
6.95399889 2.93114038 -4.00600504
7.43625728 0.93845057 1.25959397
7.54392027 2.68544392 -3.91623025
7.54686941 2.74950037 -3.95589966
7.55952587 2.69746942 -3.92384079
7.89389840 1.64091889 1.45789962
8.09510776 1.64443639 1.43652560
8.33511529 -2.97867353 -0.99242290
8.14012308 1.72848149 1.38431997
8.16325992 1.74185089 1.37325144
8.25741192 1.68752001 1.39433491
8.33885344 1.70299775 1.37852150
8.33915930 1.67850759 1.39064722
8.36872263 1.41903857 1.53413808
8.40572834 1.63636820 1.40411699
8.50671387 1.59066132 1.42417513
8.54528588 1.63667022 1.39695986
8.83826678 -2.42273030 -1.37019217
8.58798893 1.69156829 1.36244065
8.64371182 0.64168856 1.14982201
8.66182925 1.45020979 1.48486714
9.03083876 2.92693299 -4.18729057
9.03941019 3.46815428 -4.49679357
9.05566876 3.42644603 -4.47469932
8.75432314 1.41316142 1.49739655
9.09543007 2.86518090 -4.15794007
9.14421766 2.87866208 -4.16942064
9.14399975 2.86107966 -4.15844903
8.81379611 1.52564485 1.41923140
8.98045957 1.59602887 1.33289091
9.08573294 1.56358042 1.33684683
9.66235850 3.46307405 -4.55259461
9.17760822 1.43379739 1.43126104
9.65763125 2.08295987 -3.76984881
9.18557058 1.44216011 1.42567457
9.27062985 1.31167670 1.49940361
9.30396441 1.47193891 1.38747483
9.36578655 1.04102884 1.65256335
9.98526758 2.04406431 -3.77164574
10.01116630 2.02819441 -3.76375211
9.45125937 1.37098744 1.44154342
9.44122086 0.87241490 1.73459323
9.46939079 1.33925952 1.45938101
9.46769181 1.11915574 1.60031572
10.15273013 4.38414327 -5.10436671
9.48156496 1.35187224 1.45013434
9.48403612 1.14349265 1.58375003
9.51372239 1.00291833 1.65907781
10.02218581 -2.47194547 -1.46678712
10.20215195 2.89991128 -4.26208958
9.60366749 0.94765339 1.67901743
9.61192947 0.85892232 1.72570969
9.61469569 0.82804302 1.74140089
9.64657505 1.23311102 1.50822435
9.69339969 1.38048380 1.40621484
9.70225326 0.83094253 1.73173374
9.71641506 0.80439351 1.74460505
9.76155149 0.97245846 1.64927910
9.79565964 1.26668490 1.47091706
9.80227260 1.24678940 1.48295058
9.79506295 1.04005454 1.60991014
9.81247533 0.99762102 1.63053413
9.83289748 1.30836776 1.44141933
9.81578948 0.81533026 1.72926557
10.50229489 2.09570980 -3.17714556
10.59672058 3.06366177 -3.71958145
9.88614896 0.93771898 1.65723297
9.87976854 0.79426863 1.73304323
9.88658715 0.69472815 1.78557532
10.65221050 3.42321296 -3.92271622
9.93172210 1.33617177 1.41470834
9.94600217 1.19195733 1.50433786
9.92247203 0.73803904 1.76108043
10.71096014 3.42548656 -3.92744121
9.94788702 0.71969525 1.77038431
10.72515590 3.29809350 -3.85583014
9.99911419 1.41564999 1.35844671
9.97891362 0.96029659 1.63786744
10.70497239 2.41372250 -3.37137173
10.00200210 1.22176405 1.48092812
10.00840542 1.07500684 1.56931864
10.02003752 1.19851881 1.49264410
10.02117567 0.74881410 1.75025763
10.01760828 0.67592966 1.78850890
10.03508241 0.71852901 1.76350221
10.08384685 1.39041960 1.36346615
10.08862830 1.18090055 1.49669744
10.11459858 1.38339365 1.36510265
10.10970562 1.32209097 1.40797611
10.10597254 1.26558359 1.44269142
10.10099041 1.19328461 1.48842577
10.08603379 0.60564136 1.81892883
10.95675567 2.40434540 -3.37119578
10.17739359 1.05735853 1.56041584
10.18945866 1.17668365 1.48728527
10.15528256 0.63832915 1.79942379
10.17561284 0.79591630 1.71340536
10.19356093 0.57500732 1.82834853
10.22694994 1.04719854 1.56106403
10.22058221 0.65182467 1.78593014
10.27360818 1.21170564 1.45704018
11.06185756 3.96784186 -3.34371149
10.31298095 1.21707783 1.44938433
10.32171668 1.28554469 1.40855136
10.28239313 0.41202741 1.90487658
10.28453811 0.38586703 1.91872680
10.29139858 0.37105944 1.92461373
10.35983566 1.27093265 1.41243464
10.36934933 1.29154058 1.39829318
10.31082530 0.30467884 1.95274722
10.31966569 0.33086705 1.93961392
10.34089378 0.44387216 1.88248373
11.14693328 3.36441857 -3.00590236
10.34350435 0.27964295 1.96043262
10.35036021 0.26497374 1.96607374
10.41549946 1.18086902 1.45963955
10.38594696 0.29944655 1.94655766
10.39495607 0.25149041 1.96664278
10.45383821 0.29774617 1.93917611
10.52528599 1.22905367 1.41591117
10.48253949 0.64110674 1.76489552
10.45988075 0.27194773 1.95094221
11.06014150 -3.45956432 -0.21034103
10.52222866 0.36679694 1.89783295
10.52932409 0.29631011 1.93096957
10.53824633 0.37848491 1.88956623
11.09993151 -3.46352217 -0.21456657
10.57645905 0.72068186 1.71043800
10.56873225 0.43569752 1.85639546
10.64331457 1.27746218 1.37230687
11.16261603 -3.42208747 -0.23463351
10.59473756 0.36526899 1.88719980
11.16082952 -3.51516239 -0.18507636
10.59057092 0.23852138 1.94880697
10.63902450 0.86594210 1.61659867
10.68734880 1.36049339 1.31115039
11.17998428 -3.43442238 -0.23264894
10.65016354 0.81588390 1.64476301
10.69092510 1.23922643 1.39003410
10.71492871 1.14821693 1.43779553
10.64721668 0.29965232 1.91362036
10.73908306 1.32192509 1.32837052
10.72570086 0.87670388 1.59711394
10.67887618 0.25229391 1.92953157
10.69135389 0.33076848 1.89150464
10.71026950 0.33138169 1.88944775
10.79042199 0.73561357 1.67133660
10.84131656 1.22912213 1.36926493
10.78650983 0.42365830 1.82907840
10.78390273 0.33744897 1.87299505
10.86167498 1.19782133 1.38671127
10.87650788 1.22634253 1.36665207
10.81051990 0.38289286 1.84512890
11.69074859 2.43541480 -2.54816631
10.81643642 0.30846445 1.88155221
10.82290583 0.34225075 1.86320243
10.87638045 0.76573796 1.63414696
10.85484057 0.21634382 1.90724141
10.88577328 0.54391785 1.74693234
11.91663736 3.04957081 -2.90208413
11.66311685 -0.10902617 -1.11114531
12.16645868 3.96365336 -3.43572049
12.13364951 1.48108231 -2.04724490
12.47561677 1.16361989 -1.91380296
12.57275565 1.16205726 -1.92367290
12.40433551 -0.41115612 -1.03921298
12.55644016 -0.09905117 -1.22460466
12.78098012 1.15928786 -1.94165873
2.24415416 2.73745406 -3.50734964
2.24726455 3.57796343 -3.95331921
2.29525469 3.45403315 -3.89367920
2.37827546 3.51880725 -3.94740235
3.66525285 -2.17668391 -1.02500788
4.03633189 -2.19010607 -1.05623131
4.17378568 -2.60888634 -0.86950704
4.70838939 0.84957763 1.48630295
4.69714086 0.80151245 1.41295367
4.78904898 1.63287902 1.63905097
3.53424692 3.85306539 -4.25719263
3.56912958 3.83617147 -4.25284734
3.56518565 4.13868360 -4.41707424
3.67340301 3.71724989 -4.19647767
3.75675620 3.87222966 -4.28504320
3.75242695 4.14470879 -4.43534085
3.78868926 3.87949773 -4.29173177
3.78376429 4.07717001 -4.40048705
3.79626508 4.10851525 -4.41783947
3.81316531 4.02244289 -4.37315274
5.07957427 1.62146417 1.62070617
3.85609902 3.99259274 -4.35845332
3.88763391 3.75422953 -4.23193414
3.91981838 3.76105961 -4.23700645
3.87220257 4.19904718 -4.47610336
3.88042669 4.18034669 -4.46543092
3.96112408 3.73801587 -4.22798608
3.92285099 4.19430071 -4.47673395
3.96549803 3.91568362 -4.32426390
3.97244494 4.11419686 -4.43475651
4.06710052 3.68583773 -4.20389284
4.17981937 3.70148194 -4.22184320
5.63524403 1.71836186 1.54512393
4.70013664 3.90634938 -4.36415849
5.67677136 1.72405587 1.53621746
4.80088812 3.64118362 -4.22507635
4.80215202 3.97818985 -4.41260537
4.82824670 3.89205774 -4.36567380
5.08909648 1.59633131 1.65943651
6.74080605 1.93828683 1.39179247
6.81041803 1.90189693 1.36276222
8.51479191 1.62219231 1.34746202
8.31053406 1.28550246 1.58849508
8.24493431 1.57191221 1.42933492
7.04020698 1.73279239 1.46299702
8.72097907 1.51263009 1.38905616
9.31976557 1.45345386 1.35567760
8.50835615 1.20916458 1.57737596
9.05431964 1.10445834 1.59660031
7.30552371 1.71994727 1.43568000
6.45474057 1.45173293 1.64602874
6.26636912 1.74925164 1.51313639
9.99415251 -2.22922374 -1.48644280
10.47570432 -2.25793731 -1.56249122
10.25811683 2.99969098 -4.18273732
8.12340065 -2.42001664 -1.25653831
3.63781240 1.34265583 1.87867681
3.44357621 3.59831455 -4.15947425
3.81208735 1.41559503 1.82482997
3.50440794 3.66375165 -4.19786114
3.82867885 1.40065017 1.83277764
3.53200267 3.80612586 -4.27471405
3.53555836 3.83120493 -4.28977445
3.73557085 3.82141416 -4.29058229
3.76112390 3.92875097 -4.35270179
3.76883500 3.89843611 -4.33607609
3.77668486 3.78788129 -4.27477300
3.76590811 4.09697014 -4.44503856
3.81624742 3.46235904 -4.09682435
3.79000672 3.91268987 -4.34604390
3.79210339 4.04207504 -4.41288921
3.83510782 3.98362590 -4.38414818
3.83853839 4.01477248 -4.40047011
3.88459760 3.74716332 -4.25617511
3.85858667 4.12889363 -4.46540066
4.11747882 1.40049838 1.82001129
3.94514186 3.75126551 -4.25902644
3.92328826 4.24813400 -4.53797491
4.14812658 1.52044882 1.75362740
3.97390436 3.73456079 -4.24829086
3.98138090 3.70476552 -4.23309551
3.99310498 3.77904794 -4.27446888
4.18281206 1.52287464 1.74973027
4.01590381 3.85472282 -4.31743710
4.19798164 1.52787587 1.74661131
4.01505551 4.12825061 -4.46966458
4.20335775 1.50420957 1.75551997
4.05324668 3.70367395 -4.23361917
4.22444513 1.60017936 1.70000129
4.12174643 3.49015545 -4.11919115
4.24428555 1.53109756 1.74333150
4.26557877 1.50003530 1.75874536
4.16874287 3.71198370 -4.24089782
4.32053773 1.55318346 1.72625078
4.40733142 3.09320613 -3.91041715
4.40943259 3.65621812 -4.21512662
4.46166723 3.40011448 -4.07557504
4.50852147 1.59972373 1.68787435
4.59733439 1.61912785 1.66761551
4.61414203 1.67345768 1.64046769
4.66624667 3.48114679 -4.12572033
4.68352695 3.46430764 -4.11668868
4.67737429 3.83645413 -4.32789953
4.78089036 3.25649395 -4.01003707
4.78967706 3.30474573 -4.03642761
4.79634662 3.65544434 -4.23113772
4.82946938 3.14772616 -3.95480300
4.80948162 3.86471119 -4.34698342
4.78372756 1.63566894 1.65820908
4.78467262 1.61539893 1.66657457
4.92370865 2.84284794 -3.78650449
4.87759260 4.25210545 -4.57327279
5.01395184 1.65674783 1.63222734
5.25604228 4.21981517 -4.57394712
5.29300000 3.18352964 -3.99933129
5.34126547 3.03345980 -3.91935894
5.45972264 2.87752767 -3.83507840
5.21709011 1.69247791 1.60123081
5.66775814 3.63932546 -4.26963884
5.34932266 1.78156354 1.54205202
5.70610809 3.66655675 -4.28595744
5.42151826 1.25513643 1.83184606
5.80096350 3.64967106 -4.28086116
5.81246295 3.63254369 -4.27307125
5.83983448 3.66514718 -4.29315049
5.49669479 1.67137045 1.60024367
5.53175458 1.25233910 1.80912090
5.99956735 3.89388873 -4.43420349
6.02012316 3.52232045 -4.22852420
6.04810651 3.50031855 -4.21770386
6.13534520 3.05403940 -3.98123952
5.66091453 1.82067965 1.51013074
5.68919301 1.74775280 1.54882030
6.25182629 4.11398014 -4.57250830
6.26317256 4.13394899 -4.58508195
6.28358878 3.05352923 -3.98791891
5.77303909 1.64646491 1.59704125
5.81267413 1.31049209 1.78618405
6.39918649 3.77308751 -4.39414367
5.85195201 1.78953346 1.51304145
6.40500775 3.35503145 -4.16533537
5.86424255 1.66186073 1.57991833
6.48849649 3.48206000 -4.23966837
5.91572336 1.78192966 1.51170030
6.53306499 3.52768238 -4.26596877
6.55103553 -2.41062934 -1.10469409
6.01911240 1.68195983 1.55637714
6.65321203 3.10023275 -4.03807093
6.03899494 1.68350663 1.55399258
6.05477522 1.70112947 1.54492894
6.12652268 1.74780713 1.51608106
6.21454394 1.69711082 1.53103754
6.22619528 1.71426923 1.52449180
6.92819981 2.93968749 -3.97139713
6.31675376 1.46496237 1.66200698
6.34489358 1.87001307 1.42835679
6.38263016 1.80072103 1.47103977
6.38068902 1.69618425 1.52832017
7.14659128 3.37267210 -4.22437471
6.40584440 1.76468385 1.48982215
6.40887371 1.71896153 1.51508907
6.43654125 1.70040994 1.52273399
6.45240623 1.69746489 1.52350807
6.49230633 1.71269971 1.51472975
6.49412692 1.32490788 1.71016275
6.53956445 1.63812619 1.54538959
6.67154744 1.81822527 1.44366362
6.71621587 1.71285856 1.49996716
6.72908128 1.38654986 1.65981531
6.83413549 1.45499237 1.61771820
6.86648989 1.60885528 1.53734157
6.92514955 1.56390679 1.55596227
6.94174518 1.44265669 1.61387508
7.02119131 1.65788186 1.49767162
7.08813286 1.74146756 1.45281548
7.09710461 1.63878397 1.50081123
7.10775785 1.70993617 1.46424300
7.16610649 1.84399060 1.38902244
7.17215358 1.79842578 1.41292195
7.15424408 1.36461995 1.63790693
7.19151386 1.77889060 1.42184417
7.26776157 1.76375173 1.42408390
7.41182752 1.79584297 1.39430029
7.40988382 1.75813187 1.41417943
7.42309648 1.77998024 1.40220249
7.41304591 1.51386269 1.54333479
7.46661720 1.75411661 1.41156821
7.47746755 1.86023885 1.35055083
7.52362131 1.46461992 1.55833768
7.57151314 1.85526361 1.34419920
7.59785765 1.34799543 1.61152243
7.69049953 1.34268425 1.60485239
7.72961259 1.69534617 1.41368971
7.81947175 1.71020007 1.40212195
7.81690290 1.67256327 1.42232902
7.95450107 1.62939869 1.42674989
7.98036720 1.65593635 1.41279219
8.05931356 1.64603077 1.40437730
8.10145561 1.66566077 1.39178227
8.13756597 1.63161875 1.40002468
8.20069754 1.51164390 1.46142421
8.22355328 1.72578934 1.34199957
8.24896359 1.73179905 1.33602129
8.22404764 1.45136010 1.49231428
8.23334290 1.41120387 1.51143764
8.26943343 1.49619127 1.46206338
8.28403535 1.59715326 1.40055132
8.27365451 1.21046893 1.61322439
8.32526701 1.55439343 1.42067565
8.32822071 1.17438292 1.62447814
8.46337011 1.59868345 1.37704621
8.46353488 1.52364138 1.42082967
10.21249371 3.17994290 -4.28593491
10.44351660 3.45452644 -3.82483531
10.68261931 2.45325036 -3.28617246
10.69916841 2.41588083 -3.26469821
-0.38919988 3.56550736 -3.84404897
-0.34388352 3.50052019 -3.80590404
-0.06990723 3.46710121 -3.83208569
0.67182950 -0.76088684 -1.59823402
0.67245479 -0.73726837 -1.61171632
-0.05289882 3.56909643 -3.87692495
-0.09596659 3.89204052 -4.06497038
0.69917610 -0.75432442 -1.60461486
0.73896098 -0.88426454 -1.54273329
0.23580416 2.28414586 -3.20449506
0.87513461 -1.34420352 -1.31397099
0.17829123 2.85852627 -3.52016910
0.92279586 -1.43293721 -1.26857732
0.93239051 -1.34530852 -1.31399264
0.88597002 -1.05751427 -1.46191003
1.10454831 -2.35384098 -0.76827389
0.95280720 -1.38524022 -1.29495775
0.95479976 -1.36678545 -1.30347886
0.27562229 2.93083878 -3.57402708
1.01921116 -1.51353192 -1.23724336
0.41065531 2.54084624 -3.36243260
1.04680667 -1.31042583 -1.32793437
0.49034508 2.56415137 -3.38276000
0.40631745 3.20018663 -3.73200472
0.55673356 3.19911749 -3.73844986
0.66731606 2.57142425 -3.40100205
1.81777189 -3.78947257 0.62017355
0.56445073 3.80156555 -4.06560672
0.57196874 3.87947735 -4.12073964
0.78214995 2.88576157 -3.57890502
0.95629277 2.26326045 -3.25019709
0.95112758 2.50629578 -3.38152187
0.93756288 2.67380715 -3.46435709
0.92130858 2.94386327 -3.62433558
0.99782644 2.58362395 -3.42408846
2.29437389 1.28544024 1.95033477
1.60266632 2.25314390 -2.63621731
1.66173823 2.14902017 -2.58653598
1.67039858 2.16043768 -2.59250807
1.49531302 3.58945605 -3.34556664
1.66215263 3.92800440 -3.53607574
1.83943601 3.23693249 -3.17281549
1.89889421 3.05236051 -3.07672984
1.80484381 3.80248936 -3.47931274
1.96494533 2.55832383 -2.81934216
1.92195769 3.03166203 -3.06881971
1.91552824 3.20858925 -3.16451579
2.00423469 2.61124246 -2.85178566
2.01141215 2.59501430 -2.84289239
1.92533976 3.81173473 -3.49168369
2.20838854 3.21149346 -3.85730662
2.09797423 1.47574126 1.90667805
3.33589133 0.95913056 2.16677432
5.42163320 2.97507619 -3.36033622
2.70403379 0.53780793 2.40284101
2.33990851 0.32515571 2.51633377
4.52553684 1.61801183 1.72320244
5.27815992 2.01948573 0.19636967
3.94306073 1.45878385 1.85242878
2.65587417 0.23343999 2.51922234
2.62410049 0.28019057 2.53095685
3.17884320 1.51898192 1.84086231
4.25919925 1.07289534 2.00659491
4.86001285 1.44457631 1.81481903
4.29579884 1.43087234 1.84584287
2.03881609 -1.78670045 -0.28405617
3.98500602 -2.30549844 -0.78796216
2.22932730 1.01627691 2.15612413
2.87777979 1.22479478 2.03829365
1.19922225 -1.16497598 -1.16597679
1.75002575 2.67160698 -2.46192277
-1.50500462 2.91731494 -3.12737665
-1.46588159 3.00355877 -3.16470353
-1.45713137 2.90522825 -3.12079743
-1.39652360 2.97480356 -3.15388893
-1.25988701 2.97548090 -3.15892612
-1.25568594 3.29619336 -3.33272616
-1.22662837 2.90803109 -3.13427432
-1.21715154 2.93716628 -3.15025730
-1.20723480 2.97026273 -3.15960399
-1.20528651 2.89679664 -3.12975409
-1.14500054 0.95226691 -2.19335514
-1.15481573 2.96546489 -3.16417340
-1.06382984 1.81581740 -2.60171532
-1.02145788 2.89147871 -3.13523406
-0.98884527 1.66314098 -2.53848569
-0.83383297 -3.05534085 -0.38987197
-0.94418381 2.95494098 -3.16762976
-0.85752964 0.84956003 -2.13753372
-0.75198130 -3.74327810 -0.07523586
-0.90081199 3.12774188 -3.25185630
-0.86504283 1.60439623 -2.50528803
-0.88205546 2.77811781 -3.08020985
-0.87618621 3.18726801 -3.29163213
-0.84273017 1.74783617 -2.57238714
-0.79760802 1.78560484 -2.59048780
-0.81502008 2.82443426 -3.10648541
-0.70685949 -2.36646227 -0.69481297
-0.72701374 0.01826100 -1.75147630
-0.68003024 1.77952585 -2.58750048
-0.66412483 2.90378588 -3.14678537
-0.65470761 3.26243288 -3.33016008
-0.61149368 2.89862791 -3.14697325
-0.57930497 3.53369714 -3.47203412
-0.44398546 3.40420976 -3.41181577
-0.43530220 3.58664878 -3.49863809
-0.32337962 -3.73960290 -0.08251051
-0.37458251 1.87121163 -2.63073052
-0.36222579 1.63612895 -2.52416775
-0.34927897 0.29281163 -1.86953002
-0.30892890 -2.78314967 -0.49806023
-0.21217555 0.33733035 -1.88903753
-0.19574174 3.89704418 -3.67497995
-0.12458203 2.10444721 -2.74446510
-0.02399955 -2.02052038 -0.83789780
-0.00593718 0.30262152 -1.87318198
0.03125031 3.48538930 -3.47579622
0.03296316 -0.08400041 -1.69001038
0.06083942 2.09364614 -2.75102928
0.08872063 2.94188889 -3.18637516
0.10260334 2.28687759 -2.84880134
0.09785553 0.61674331 -2.01213944
0.17011191 -2.02462679 -0.83308107
0.16876970 -3.37702651 -0.22404598
0.27434628 -3.56790596 -0.13390688
0.30725152 -0.37695318 -1.54934434
0.37003711 3.59448660 -3.54247503
0.37389134 1.96482925 -2.69388832
0.42573393 2.86317378 -3.16169806
0.49747381 3.48649946 -3.48261352
0.48288233 1.30361059 -2.35568629
0.45638941 -2.00971142 -0.82298842
0.49334670 -2.01437297 -0.82296219
0.59994571 2.28764181 -2.85246471
0.58354909 1.30332620 -2.35073439
0.60175008 -0.33849711 -1.56830814
0.65214748 -1.33484897 -1.11655372
0.70363080 1.25131848 -2.32821905
0.70729516 0.66204561 -2.04181203
0.75439747 -0.40973849 -1.52913887
0.83250553 -1.01882297 -1.25199396
0.87520410 0.24822097 -1.83137972
0.89495222 -0.98180951 -1.26878314
1.00429648 1.92649625 -2.66826454
1.03785080 -0.06415734 -1.68361019
1.01958478 -0.73525628 -1.37291660
1.59851114 2.88998236 -2.58367407
1.65006961 3.78666971 -3.04374614
1.61807478 3.09161857 -2.68789160
1.70232306 3.78626715 -3.04153937
1.51860765 -0.22118828 -1.03246100
1.71433833 3.82119156 -3.05780174
1.66939658 2.76796373 -2.52112908
1.78235332 3.92131069 -3.10950203
1.75072638 2.24151994 -2.26133129
1.91924099 3.91628052 -3.10953790
1.86568710 2.81301950 -2.54613656
1.87667560 2.72516357 -2.50492690
1.94470679 3.23333550 -2.75923846
1.92509856 2.86379256 -2.57663443
1.95123647 3.25628250 -2.77193370
2.02584556 3.65376462 -2.97891052
2.00193895 3.04813194 -2.66995821
2.02085735 3.20557605 -2.74724472
2.02652918 3.03109125 -2.65998160
2.03814947 3.05373871 -2.67189476
2.00314671 2.43111396 -2.36143059
2.07024760 2.62757382 -2.46095132
2.12985043 2.85929105 -2.57798498
2.17518198 2.08423732 -2.19866072
2.46246995 3.53138645 -3.53824371
2.24950581 1.29544086 2.00593898
3.68557789 4.15976637 -3.89823986
3.78363148 4.25373080 -3.94903011
3.81745978 3.82606595 -3.73300282
3.80705160 3.56197492 -3.60007783
3.84311094 3.86781080 -3.75180807
2.71321531 0.52882734 2.39676392
3.98967827 3.71057662 -3.66908246
2.85033089 1.36388846 1.95160419
4.04476552 3.76531648 -3.69777425
4.11350585 3.79011876 -3.71316352
4.17956545 3.64646921 -3.64159862
3.04625265 0.87639306 2.21644207
4.64154263 4.16534390 -3.90954604
3.24145958 1.12253349 2.08334545
3.24950989 1.15468915 2.06568962
3.26827953 1.17888058 2.05157759
3.31757096 1.38686960 1.92694298
3.31005318 1.25201806 2.00622492
3.33294168 1.24814515 2.00746052
3.30660401 0.84688704 2.20954354
3.30582239 0.79668231 2.22822623
3.34069500 1.04365133 2.11735895
3.33613414 0.97628469 2.15147577
3.31833728 0.80076414 2.22370417
3.36560574 1.17559066 2.04742949
3.36857930 1.13944631 2.06658935
3.33324074 0.83554818 2.20959392
3.37291279 0.98848482 2.14199390
3.36581743 0.88648366 2.18583020
3.39371430 0.96500449 2.15063869
3.45304782 0.88758342 2.17292841
3.62884262 1.33605578 1.94129101
3.62669902 1.31972160 1.94939628
3.64417511 1.38535398 1.91274980
3.69469009 1.39861292 1.89869808
3.70095848 1.41498125 1.88989978
3.78156262 1.31356141 1.93747358
3.80844873 1.33802334 1.92475471
3.82956056 1.37103189 1.90487286
3.86610718 1.40031234 1.88585816
3.94107085 1.24179912 1.96503960
3.98450284 1.41778273 1.86843575
4.02964836 1.60848979 1.76691565
4.02226066 1.43432524 1.85983926
4.05310002 1.56229286 1.79468294
4.04778502 1.44679927 1.85299444
4.08519735 1.50892018 1.81927564
4.04038425 1.02309490 2.04964668
4.13907097 1.43964112 1.84933250
4.29765399 1.57771231 1.76818050
4.35449354 1.68806572 1.69993001
4.27663612 1.23239879 1.94953267
5.15544117 -2.43268755 -0.80931511
4.36617998 1.58234669 1.76385121
4.51493981 1.57198196 1.75615403
4.57232390 1.61833326 1.72604559
4.69665818 1.65200190 1.71055203
4.69509494 1.60707940 1.72680366
4.79475686 1.63620047 1.71428870
4.86042213 1.39591182 1.83279179
4.95642395 1.76628170 1.62815210
5.08406675 1.74021431 1.64070518
5.04101248 1.48045774 1.78105819
-2.18150678 2.03243899 -2.71111271
-2.18464658 2.97102053 -3.17812407
-1.80377597 -0.62879251 -1.46318056
-1.73242233 1.01424726 -2.22037173
-1.61042092 -1.36571847 -1.14022260
-1.62013671 -0.31525814 -1.60504388
-1.65723472 1.01426889 -2.21951410
-1.65308391 1.73254588 -2.55993614
-1.56927468 2.93554358 -3.14085125
-1.55652167 2.98456748 -3.17738043
