0.00000000 0.00000000 31.74265400 5.39994075 -0.27954417 31.49661156 
-3.29932576 3.07092319 8.01789043 1.54208552 2.95062034 7.32090231 
-0.45093498 3.59156435 7.61592275 4.46194448 3.38327087 6.90952340 
-0.32993209 3.51500669 7.65872806 4.58058603 3.31438523 6.85376182 
2.54656961 2.94186199 7.86707623 7.50956469 2.63799131 6.99915516 
2.16229460 2.37469811 8.19312906 7.10043750 2.06010512 7.42607180 
2.08260360 2.87316705 7.92014417 7.03028232 2.57496547 7.12221843 
0.04226266 3.21123578 7.82421562 4.95651102 2.98700011 7.05913186 
2.88837904 2.74848188 7.94172799 7.85109730 2.42186065 7.10244629 
3.89966535 2.61456347 7.99990531 8.88415059 2.25543754 7.11584767 
2.48782878 2.23185145 8.26440570 7.43479809 1.90662697 7.42574210 
3.40628408 2.02754513 8.35519902 8.36414661 1.66400560 7.53647341 
0.49476564 3.17712061 7.82621604 5.41739745 2.93694085 7.03136895 
-0.98282334 2.74734404 8.10262625 3.90043866 2.55099977 7.34363924 
-1.27791045 3.27816266 7.83076568 3.61074241 3.09816745 7.09461068 
5.30710745 -3.66515658 2.19937314 9.99026741 -4.22480471 1.08132492 
6.18550906 -3.74125462 2.01203734 10.86503192 -4.33248243 0.96665890 
6.48668810 5.75099635 -3.12586763 11.38484582 5.40451180 -4.51242227 
1.99829015 -3.90562292 2.35711018 6.59459922 -4.35864182 1.35603444 