0.00000000 0.00000000 31.74265400 5.62476957 -0.01155229 31.93118693 
1.88332849 2.39726962 6.19676648 6.56475133 2.46943278 8.00400397 
2.01541989 2.27408653 6.23812455 6.68478681 2.34403819 8.07678654 
0.60586185 0.78175235 7.21857554 5.36474352 0.95186929 8.95277582 
0.72033410 0.21193393 7.39210209 5.46548999 0.43325684 9.20589415 
1.84290873 0.13454760 7.39268493 6.51139217 0.33428808 9.12895109 
0.49826917 2.38006926 6.12702662 5.26801678 2.47382931 8.05374047 
-1.13941361 2.51779179 5.96431768 3.73883427 2.64431965 7.95490564 
2.20349432 -3.56286939 1.11129869 6.54076943 -3.05835328 3.23537931 
1.88187907 -3.55825833 1.18477148 6.24295663 -3.04351785 3.34122474 
-0.43286160 1.87571854 6.40561626 4.39668705 2.02375618 8.32764916 
5.22267882 5.49258751 -2.07408398 9.46496112 5.34558302 0.28379531 
5.70649599 -0.87252286 1.66678534 9.86481062 -0.63304956 3.85137323 
6.16586814 3.25495693 -0.71377303 10.33141702 3.22201659 1.52682320 
0.34563715 6.40689630 -6.42816676 4.79330500 6.36344828 -3.59800049 
2.27792044 -6.73157919 3.09878764 6.60075852 -6.03367018 5.07084758 
3.10735184 -2.74082267 2.83890014 7.46553167 -2.33445946 4.79605791 
1.35014816 1.11644142 6.95414491 6.06002186 1.26753033 8.76585685 
-2.87533804 2.17953138 6.18446046 2.11794015 2.36616896 8.20549955 
2.08305150 1.84639631 6.55637650 6.74940145 1.93607968 8.34169786 
0.63510782 0.07149158 7.21902700 5.37598598 0.31113409 8.96349006 
0.64152481 -0.02606648 7.02588130 5.37349884 0.21793734 8.84982700 
0.65271983 -0.15073900 6.75480144 5.37220215 0.09803488 8.64064589 
0.66717262 -0.30614426 6.50471569 5.37324506 -0.03830731 8.40568380 
0.68389478 -0.42547075 6.32534120 5.37946595 -0.14808235 8.22251396 
0.79023031 -0.54333592 6.09423950 5.46774871 -0.26260826 8.01158837 