0.00000000 0.00000000 31.74265400 8.21490884 0.10221565 32.35259048 
-3.61982477 3.06682903 7.68828638 5.22326339 3.67632868 -2.85743662 
-1.53007124 2.02667591 8.17773070 8.27514963 2.37826187 -1.96457847 
2.28291145 5.90152112 -4.21749032 14.79694975 8.11644121 -20.06985681 
-2.63572828 1.36217956 8.67233184 6.68245400 1.32962524 -1.34801389 
-3.26181362 1.03154024 8.96536540 5.77053442 0.80306300 -1.04415800 
0.55509107 3.05044069 7.35746582 11.29508769 4.03488878 -3.06995116 
1.51032098 3.03082921 9.63156782 13.51495196 5.16704500 -7.77012313 
-0.45313082 2.83347342 7.59430979 9.82669377 3.63286607 -2.79563953 
-2.74455636 0.84040143 8.87150691 6.55106974 0.57663613 -1.00819511 
-2.78245826 0.92446328 8.98379856 6.47126248 0.69181585 -0.97533849 
-1.75720473 3.02146628 7.55548814 7.92686763 3.78675004 -2.95164918 
0.05122833 2.13011784 7.90335019 10.58502269 2.66380624 -2.28159756 
1.11193930 2.71731632 7.48129463 12.10658612 3.59511249 -2.72580562 
0.14638703 2.74982552 7.56365536 10.70315324 3.56197295 -2.74951219 
-4.27019730 -2.57970895 2.76096194 5.27365496 -4.62199328 -9.86915494 
-0.87115820 -3.69192395 1.70544712 10.39115262 -6.01036460 -11.26559370 
-3.40936960 2.23857760 8.25244848 5.52915489 2.52210267 -2.11777729 
-2.28976018 2.53303419 7.97715598 7.15359563 3.04445028 -2.40477578 
-5.77946216 -1.35354206 0.96186130 3.14997047 -3.06186613 -12.92342028 
-4.50803263 5.64316776 -1.96726482 4.70107675 7.17236462 -17.28327063 