0.00000000 0.00000000 31.74265400
8.21490884 0.10221565 32.35259048
16.90036525 0.54798920 32.48893860
25.40504752 0.77501827 33.11558426
33.78692902 0.68510251 33.02126761
21.98036071 -5.90464862 -11.81004421
21.64390959 9.65936932 -21.38134215
23.21701321 -5.92510550 -11.83186292
24.66606880 -5.96561413 -11.82144595
24.77712877 7.73377829 -20.11504597
24.90944934 7.76572978 -20.12834595
24.90983212 7.71787635 -20.10188101
25.42243962 8.91315711 -20.84683320
25.48184078 9.16367309 -21.00505506
25.54659130 3.57263589 -3.08747261
25.71658133 5.44980751 -18.67425329
25.75636015 3.54186938 -3.06298483
25.78783202 1.47755327 -1.75516163
26.02616774 -6.01860457 -11.79235762
26.16106985 5.58880085 -18.75578089
27.42086220 9.56057269 -21.16611501
27.95577370 7.47849292 -17.73494656
28.22921422 8.53820697 -18.36579541
28.16484567 6.60833691 -17.16761712
28.23177876 8.20554535 -18.15109258
28.19099322 6.56311033 -17.13612826
28.24527881 7.75471089 -17.87875685
28.17534882 5.67358343 -16.58552839
28.32671347 9.31957026 -18.83351793
27.36020978 0.97211447 -1.43003473
27.44288179 0.84833781 -1.36645508
28.12047714 -4.96879816 -9.89752316
28.70051976 9.33404409 -18.81916560
28.84614773 10.82844055 -19.71534901
28.81109133 9.23645859 -18.74760460
28.85229551 6.45851080 -17.03620583
28.97893845 9.15425077 -18.67734174
28.30580868 -9.27049051 -7.17683480
28.35003085 -9.28900625 -7.16015474
28.66757709 -1.33787047 -12.02522862
28.72625289 -1.13102819 -12.15865087
28.76906746 -1.30100885 -12.04694150
28.78519238 -1.21614526 -12.10163679
29.08222962 4.59955857 -15.81499095
29.06485489 2.22622414 -14.28928110
29.09205763 2.52170584 -14.48220160
29.07870900 1.69553175 -13.94022022
29.78249089 10.66443430 -16.67601244
30.02723721 8.99903079 -15.63532386
30.13540521 8.99939729 -15.63188397
29.51717557 -1.95967237 -8.78130210
30.24199353 8.98318365 -15.61281447
30.26251668 3.05767756 -11.90796449
30.22077293 0.53873056 -10.32442246
30.34366325 2.16991295 -11.37847730
30.06522498 -7.03608436 -5.57849329
30.10767113 -7.05576204 -5.56805924
31.04861809 6.43406066 -13.99642760
30.60502184 -0.31075685 -9.77051783
31.21097427 6.84970124 -14.24724955
31.41254205 6.42097786 -13.96906669
30.95485546 -0.27516427 -9.79971255
31.75584932 8.98863442 -15.55660633
30.66675125 -5.34232492 -6.61324872
32.14790412 9.50620905 -15.82420455
32.31502648 7.28563727 -14.47500232
32.54989688 7.24381507 -14.44514707
32.86260647 7.08462498 -14.32082150
33.41118674 8.90882853 -15.43760572
33.16067688 0.57556216 -10.29066479
33.31678375 -1.11252865 -9.23571512
34.42828294 7.15320503 -14.29437363
36.20513260 4.78537492 -12.82154681
36.22414250 4.86060535 -12.84688112
37.03106592 9.80614444 -15.89051575
38.30993606 9.84714336 -15.92351122
38.54971540 9.82943126 -15.87793260
37.16352541 -0.29980353 -9.67585777
38.34122886 6.44007252 -13.77322814
38.65395524 8.15655039 -14.82670452
36.78762472 -3.71318943 -7.55795730
38.43030251 4.57378747 -12.59455740
37.24000135 -2.86875141 -8.08323189
38.54491850 3.75198173 -12.08801698
39.30882953 7.93704894 -14.62734176
38.62176583 3.83162123 -12.17374676
38.96722277 5.57824789 -13.21443014
37.68957149 -2.06959756 -8.56315668
38.26852004 1.39169053 -10.63929213
39.15815306 5.56486470 -13.18583424
39.96045485 7.84255415 -14.56163171
39.04174209 2.91927029 -11.54312933
40.27709260 8.79020604 -15.12338928
39.40799843 3.87733378 -12.14918025
38.04631259 -3.78715422 -7.45974845
38.54034552 -1.22591165 -9.05535790
40.15019707 6.94674770 -13.99879544
39.14312050 1.44385590 -10.65985715
39.48898954 3.05440127 -11.65737242
39.15196325 1.23636858 -10.52388909
39.57604549 3.05519714 -11.64692685
38.50839984 -2.92223366 -8.00036925
38.47554227 -4.62494401 -6.92373249
39.43067020 -0.32704402 -9.56951776
40.97093006 7.03663961 -14.01083415
38.60204695 -5.49317826 -6.37202766
41.53916811 8.51249544 -14.86254148
40.45459714 1.35459303 -10.56827339
40.35081774 0.60469513 -10.07045986
40.03088256 -1.16479379 -9.02426884
40.08186475 -2.17532111 -8.36586844
13.45402776 10.60796030 -21.86546619
17.37831700 -6.46224251 -11.40863933
20.69996831 3.99260336 -3.33635385
21.18453581 2.81304507 -2.71467974
19.98894993 -3.54334275 -13.23262756
21.41183367 -6.89484922 -11.28801090
27.73964078 3.60546524 -3.06378528
27.92324984 3.42457159 -2.94375142
25.95508137 1.29830995 -1.61908690
26.11928135 0.53025026 -1.21143304
27.70554830 0.42536134 -1.27991021
25.78015262 3.55511640 -3.04292435
23.46883615 3.73894683 -3.26285727
28.15301127 -4.92968026 -10.03461197
27.69832658 -4.91659937 -9.88786762
24.47326802 2.84712883 -2.64721998
32.32040116 7.76969682 -14.71463429
33.03603257 -1.09325103 -9.06636458
33.66900885 4.65362323 -12.71467734
25.39077357 8.93829323 -20.81054104
28.29678564 -9.34432147 -7.13887948
29.44974114 -3.73259881 -7.67022138
26.99848200 1.79889588 -1.88527790
21.02401080 3.25542771 -2.94066900
28.02750388 2.82235526 -2.52436720
26.00000126 0.33215948 -1.57601434
26.00525325 0.18683442 -1.74383878
26.01758154 -0.00256486 -2.05468888
26.03527531 -0.21770205 -2.40367767
26.05738555 -0.39043336 -2.67537038
26.20475243 -0.56771337 -2.98534292
15.74070826 -3.15034356 -13.38209532
15.62127927 9.79588887 -21.42087906
17.53153102 9.29932476 -21.12619394
18.22499631 -7.06487572 -11.15609964
18.43648557 -6.45225634 -11.50811457
18.93168305 2.37926935 -4.19723775
20.50896836 7.23595177 -19.83073849
20.55306147 7.26909638 -19.84906123
21.86035778 -7.92711166 -10.59074449
21.22465540 4.35807131 -3.57848536
21.39047924 4.18482600 -3.49097023
21.75155582 4.18612034 -3.47168349
21.87032440 4.32951857 -3.55472208
22.07485515 1.61639468 -4.22063520
24.71364351 9.40854056 -21.11241087
24.76488810 7.73887778 -20.07169898
24.89999047 7.77633514 -20.08975762
24.89613758 7.72773459 -20.05655314
22.88868406 4.08387016 -3.52701396
23.15852378 3.99989336 -3.48386889
26.41762644 9.39887919 -21.06902367
23.36924777 3.66128807 -3.19017678
27.04327370 5.48851155 -18.59297852
27.11034956 5.44522590 -18.55948406
23.96345517 2.20566175 -2.26147156
27.92621029 11.97603647 -22.56523029
26.43820080 -6.59633003 -11.50267207
27.78404370 7.84134192 -19.99579451
24.40298021 2.17158099 -2.22672727
24.63247565 2.09968649 -2.17781115
24.66513644 2.03113895 -2.13695819
25.04837792 3.33778475 -2.93645888
28.23219159 5.59872659 -16.51550213
28.66322175 8.24591626 -18.10061886
25.12376466 2.37667335 -2.31732366
25.08882424 1.74878487 -1.96072148
28.88022129 9.23691586 -18.68715529
25.32027014 3.03578283 -2.71961674
25.18739489 1.86074390 -2.01529969
29.03983779 9.24362287 -18.67952120
29.05382608 8.89210779 -18.45974495
25.49809209 3.61750022 -3.10528619
28.83758264 6.46663036 -17.01983968
25.47034988 3.11339240 -2.76364123
25.51317443 3.05313701 -2.72435399
25.71381678 3.55224349 -3.05965723
25.79212719 3.53407199 -3.04337156
25.74756078 3.22765638 -2.83061083
25.58872817 1.51993579 -1.79175567
29.51077750 6.44207795 -16.92095306
25.77098467 1.60453060 -1.81893210
25.84754722 2.01134086 -2.05050616
25.86037438 1.44150263 -1.72339577
25.94148123 1.63968253 -1.83099960
29.77818135 10.65882524 -16.63615201
26.30968524 3.28039379 -2.84200915
26.40607073 3.24262662 -2.81632065
26.43458514 3.29621583 -2.85198932
26.12358143 0.74645622 -1.32947211
26.14986715 0.81383028 -1.36265109
26.22040093 1.10461616 -1.51377967
29.88874396 9.00161431 -15.60737418
26.20460765 0.68232718 -1.29491934
26.22045282 0.64468201 -1.27642553
26.61561225 1.61347131 -1.78497436
26.50363611 0.66331142 -1.27442733
28.76323760 -9.10522358 -7.25154998
26.67780516 0.90750069 -1.39761830
26.68618913 0.72636657 -1.30197601
26.72100482 0.93766250 -1.41422219
28.86829121 -9.11549770 -7.24839226
26.87106755 1.81924903 -1.89876421
26.80835588 1.08502449 -1.49456518
29.03764360 -9.00725245 -7.28664215
29.01772664 -9.24823369 -7.13280534
27.27403727 3.47710567 -2.96829631
29.08238243 -9.03937814 -7.27316083
27.25922509 3.16191636 -2.74635065
27.40106045 3.37710579 -2.89924591
27.06713246 0.61431615 -1.24438232
27.15879504 0.81770935 -1.34346464
27.64978296 3.13667648 -2.74343688
27.69640919 3.05552005 -2.68619329
27.74045113 3.12963921 -2.73615711
27.42705034 0.95084116 -1.42596885
27.43120512 0.75956882 -1.32135073
27.45314848 0.84644495 -1.37012259
27.65832482 1.93749214 -1.98876677
27.52134346 0.52329717 -1.23385895
27.64809831 1.36573585 -1.66967555
31.90316921 8.15040525 -15.00938625
30.60502122 -0.31608320 -9.78847510
32.77110430 10.66379303 -16.50605978
32.16721744 3.91149132 -12.38252015
33.02123270 3.06578881 -11.84633982
33.28131772 3.06261000 -11.83648273
32.51911688 -1.10600067 -9.25920312
32.98318766 -0.28357240 -9.75085740
33.83814197 3.05733368 -11.80621204
6.01001430 7.39971957 -19.93146658
6.06145391 9.74196835 -21.34257255
6.18925784 9.39419277 -21.13955838
9.54102643 -5.83702250 -11.75631257
10.53179682 -5.87012020 -11.77990938
10.86335549 -6.96858438 -11.16018970
11.86750367 2.13803165 -3.95763362
10.40653576 11.20611330 -22.36686145
10.44643825 10.96417787 -22.22338527
10.71913951 10.22997484 -21.77127424
10.62460336 11.45985819 -22.52775962
10.76422497 11.44568152 -22.51571595
10.85804738 10.66239105 -22.03003214
11.43020242 10.06025064 -21.65565165
12.87961933 10.62751260 -21.95748676
14.34014050 4.39815061 -3.64468575
13.13028115 9.88565856 -21.50298265
13.16763731 10.82793722 -22.07988184
12.84514147 4.05891968 -3.47396421
17.12402404 4.94676486 -3.87451305
17.30868462 4.85438435 -3.94461889
21.65652268 4.13399817 -3.48034290
21.07429531 3.26311496 -2.86008934
20.94909228 4.00202899 -3.33328855
17.87359959 4.41529370 -3.60066493
22.16901189 3.85148868 -3.29363813
23.69901362 3.70201448 -3.18854073
21.57877830 3.06821713 -2.82882731
22.95576310 2.80085394 -2.58540532
18.55667626 4.38291404 -3.60437179
16.34035441 3.68846542 -3.24477516
15.88575177 4.45675232 -3.65540850
26.37543138 -5.93738686 -11.70759852
27.67790679 -6.01971067 -11.80520603
27.99925113 8.13330879 -20.22091225
21.38220776 -6.43475347 -11.55643480
9.72926910 10.32106333 -21.99749873
9.74117148 10.39118834 -22.04379423
10.36566847 10.66314601 -22.20120363
10.38415780 10.57837852 -22.14846139
10.39617915 10.26960602 -21.95765680
10.39280010 11.13376453 -22.48556264
10.44343015 10.61830141 -22.17603197
10.33400442 3.55042626 -3.14107496
10.85261189 10.16695267 -21.88039092
10.83704203 11.55758989 -22.74664570
10.51143670 3.86628377 -3.33165912
11.05464875 10.45540077 -22.04829056
10.55069426 3.87923034 -3.33889950
11.14287837 10.03380506 -21.78299280
10.62541084 4.06625231 -3.46730411
11.31069383 9.43957037 -21.41880484
10.66960075 3.88767276 -3.34350322
10.86724176 3.94498767 -3.38374764
12.10898065 9.90081366 -21.66303473
11.58482388 4.11656925 -3.51788366
12.79141742 9.41367235 -21.34148567
12.83673863 9.36686412 -21.31049106
13.08184106 8.79079197 -20.96585350
13.11047783 8.92448979 -21.04525120
13.16410677 9.89900782 -21.64283804
13.20353785 8.48990358 -20.78773717
13.22101656 10.48246035 -21.99653662
12.06348142 4.15957655 -3.51944115
12.06455033 4.10727633 -3.49649595
13.44847618 11.56777078 -22.68231625
15.54060576 9.85727218 -21.59450973
15.90497821 9.88654630 -21.60150637
15.93459248 9.83901039 -21.57544545
13.95098070 3.17288088 -2.98697562
16.48924857 9.53383484 -21.39647591
16.56287762 9.47277865 -21.35722002
17.19605175 11.18745002 -22.40714951
17.22983479 11.24359948 -22.44370247
17.52003093 9.07190900 -21.12080651
14.84385782 4.23013396 -3.55800574
17.21232107 -6.41050632 -11.52218896
18.16335100 8.36702002 -20.67279737
15.29606155 4.28657656 -3.59404434
15.74973299 4.32223359 -3.61985075
15.78080574 4.36652781 -3.63479060
18.89205769 7.92525352 -20.40446425
15.98463361 3.72196218 -3.23121420
16.19169760 4.59049650 -3.74619390
19.54681866 9.12682536 -21.13492828
16.24983572 4.37873526 -3.61773357
16.35940412 4.32316599 -3.58404521
16.42769978 3.36148437 -3.05687064
16.57767004 4.16993134 -3.50283344
17.03837928 4.36321973 -3.58341174
17.31431911 3.69737971 -3.22703998
17.81750364 4.22170533 -3.51044855
18.21145753 4.70368026 -3.77237868
18.46292901 4.49591820 -3.64612515
18.83718857 4.57926998 -3.68782892
18.82763288 4.48161472 -3.63300285
18.86408633 4.53818245 -3.66244233
18.80580171 3.85005545 -3.27134795
18.97286296 4.47130206 -3.62369173
19.01481166 4.74642225 -3.79134763
19.25995051 3.42266527 -3.02506180
19.49695263 3.40919726 -3.01534283
19.64238896 4.31988473 -3.53979668
19.87392311 4.35832321 -3.54399458
19.86245174 4.26094034 -3.48811803
20.21147752 4.14983901 -3.43354152
20.28072152 4.21842446 -3.46427361
20.48366957 4.19324268 -3.46382365
20.59401339 4.24405402 -3.48563383
20.68379141 4.15635593 -3.45173992
20.82850130 3.84638810 -3.25764053
20.91733747 4.40024466 -3.58774134
20.98352133 4.41589454 -3.59648164
20.87985440 3.69082475 -3.16261177
20.89853957 3.58731586 -3.10566850
21.00291089 3.80672625 -3.23356450
21.05599369 4.06781095 -3.40346786
20.97455171 3.07045375 -2.80423904
21.15550576 3.95738627 -3.33295261
21.10991864 2.97787922 -2.75436892
21.51789709 4.07255198 -3.41201778
21.50665306 3.87850339 -3.28741683
27.91155257 8.63457418 -20.56166381
28.82746046 6.58540581 -17.18911100
-1.06964577 9.68970336 -21.27853329
-0.94442083 9.50619542 -21.14577822
-0.18267038 9.40840039 -21.17618570
1.72647960 -2.07745917 -13.95588194
1.72916081 -2.01499420 -13.99860319
-0.13455841 9.69177619 -21.31450731
-0.24893867 10.59939125 -21.92832587
1.80019337 -2.06010084 -13.97294536
0.63808762 6.12692983 -19.11706913
0.49275784 7.71187219 -20.13353405
2.37002544 -3.84907704 -12.88044825
2.39956365 -3.61867516 -13.02371117
2.28829949 -2.86089846 -13.49865829
0.76281785 7.91113706 -20.28936831
1.12419851 6.83118270 -19.59221058
2.70583551 -3.52622179 -13.05556334
1.34351091 6.89453343 -19.64441280
1.12927653 8.65655411 -20.77021174
1.54334513 8.65087961 -20.76461408
1.82881682 6.91263604 -19.67526450
1.58054601 10.33114079 -21.80370481
1.60430710 10.55057559 -21.97947168
2.15315442 7.77885397 -20.22152944
2.60830590 6.06264737 -19.15524803
2.53695659 7.93830613 -20.34465223
2.73298706 6.94243701 -19.69871147
5.20531731 8.11765809 -18.36039227
5.40686957 6.96610224 -17.68113488
5.42535092 6.92170753 -17.65272387
6.06985448 8.66964756 -20.89348796
5.22326339 3.67632868 -2.85743662
8.27514963 2.37826187 -1.96457847
14.79694975 8.11644121 -20.06985681
6.68245400 1.32962524 -1.34801389
5.77053442 0.80306300 -1.04415800
11.29508769 4.03488878 -3.06995116
13.51495196 5.16704500 -7.77012313
9.82669377 3.63286607 -2.79563953
6.55106974 0.57663613 -1.00819511
6.47126248 0.69181585 -0.97533849
7.92686763 3.78675004 -2.95164918
10.58502269 2.66380624 -2.28159756
12.10658612 3.59511249 -2.72580562
10.70315324 3.56197295 -2.74951219
5.27365496 -4.62199328 -9.86915494
10.39115262 -6.01036460 -11.26559370
5.52915489 2.52210267 -2.11777729
7.15359563 3.04445028 -2.40477578
3.14997047 -3.06186613 -12.92342028
4.70107675 7.17236462 -17.28327063
-4.08205223 7.91512782 -19.61490007
-3.97855078 8.15456554 -19.74397145
-3.95163508 7.88140014 -19.59408561
-3.78944263 8.07496737 -19.71043488
-3.41879540 8.07767805 -19.73479711
-3.41807204 8.97615584 -20.33762304
-3.32705977 7.89120816 -19.65365507
-3.30229707 7.97256665 -19.70950703
-3.27589960 8.06370646 -19.74028138
-3.05332820 2.54054103 -16.40920003
-3.13386003 8.05146104 -19.76009756
-2.85792108 4.88085023 -17.82773084
-2.65350685 4.46556657 -17.61618780
-2.56217074 8.02388828 -19.78344521
-2.28457149 2.26441920 -16.23614991
-1.92895019 -9.61068844 -8.90702260
-2.44803894 8.50584263 -20.07388619
-2.31989272 4.30552925 -17.50884730
-2.38980366 7.53225774 -19.48611881
-2.38276574 8.67394788 -20.21426066
-2.26274619 4.69620502 -17.74125248
-2.20911851 7.66162020 -19.58019597
-1.83404306 -6.14732988 -11.14987788
-1.92340045 0.04723005 -14.90168395
-1.82627705 4.78310141 -17.80327780
-1.80111750 7.88295091 -19.72510773
-1.78121474 8.88512840 -20.35467457
-1.65827586 7.86918492 -19.72868978
-1.57970898 9.64801340 -20.84437006
-1.20900047 9.28525907 -20.64395887
-1.18704053 9.79754963 -20.93920196
-1.00623706 5.03443713 -17.96878441
-0.97121088 4.39356601 -17.60492125
-0.79795593 -7.20618714 -10.46480822
-0.56206640 0.89437656 -15.41712639
-0.53410703 10.67893714 -21.55272922
-0.33423384 5.67436929 -18.37017916
-0.01436044 0.80189231 -15.37402042
0.08758030 9.51937950 -20.88114927
0.08863996 -0.22444916 -14.73746665
0.16586253 5.64661477 -18.40260211
0.24313061 7.99516267 -19.89198416
0.27904170 6.17859990 -18.73859200
0.26197783 1.64048751 -15.86085007
0.44487965 -5.27935603 -11.70108756
0.43675687 -8.70214339 -9.48801305
1.01438624 9.83018290 -21.11620708
1.00953290 5.29496925 -18.21872959
1.15893139 7.77950706 -19.81903088
1.36159430 9.52565944 -20.91196677
1.29563374 3.49187557 -17.06116858
1.62369008 6.18301674 -18.76374300
1.56542543 3.49102015 -17.04593957
1.59183079 -0.89748601 -14.33534945
1.88671865 3.35053255 -16.97150007
1.99423285 -1.08535750 -14.20178360
2.18973103 -2.68124614 -13.22531788
2.32624704 0.65658045 -15.25845612
2.70901210 5.19124824 -18.13784548
4.47532229 10.26470447 -19.21372987
4.36283946 8.33128138 -18.03977926
4.61688384 10.26339144 -19.20360693
4.65069807 10.36083688 -19.25613107
4.83934655 10.64156453 -19.42376796
5.21112259 10.62842448 -19.41829425
5.01901113 7.56317761 -17.56076258
5.04517457 7.32193287 -17.42479491
5.25009585 8.72445954 -18.26096261
5.18157840 7.70380890 -17.66013835
5.26883956 8.78826134 -18.30287385
5.48898643 9.89509183 -18.98325323
5.39679507 8.21268593 -17.96458643
5.45471030 8.64803604 -18.21797837
5.49461899 8.22812534 -17.96870314
5.56186093 7.05487650 -17.27041931
5.81862441 5.57111107 -16.39592642
6.74283166 9.66423351 -21.04485810
10.15251304 11.45527954 -22.15925151
10.43135757 11.72435997 -22.32193817
10.48709966 10.50683025 -21.58170669
10.43548236 9.75926886 -21.12990529
10.56077504 10.62485931 -21.64171391
6.70586932 1.30755153 -1.36579035
10.94820481 10.17840680 -21.33919395
7.09508833 3.39490393 -2.66426136
11.10461126 10.33370732 -21.43020084
11.29618603 10.40459210 -21.47446243
11.46379927 9.99784512 -21.22098173
8.12246645 2.92873128 -2.31490551
8.26118641 3.45216601 -2.67636552
8.23212183 3.11255566 -2.44310475
8.19276612 1.97363995 -1.78959270
8.29360751 2.58985978 -2.11050736
8.22434924 1.98386368 -1.80127696
8.36464312 2.92044937 -2.31308480
8.36947974 2.82978094 -2.25608733
8.37022241 2.45191078 -2.03312842
8.34686725 2.19740228 -1.90546804
8.42062809 2.39328529 -2.00464655
8.56465492 2.20034727 -1.93084915
9.03292442 3.32374711 -2.58599206
9.02644618 3.28269051 -2.56250560
9.07512030 3.44792195 -2.66790252
9.20270770 3.48150535 -2.70165960
9.21956474 3.52272915 -2.72654175
9.41271024 3.26735752 -2.57261367
9.48133828 3.32877559 -2.60533728
9.53676812 3.41191176 -2.66060712
9.63042668 3.48569690 -2.71065550
9.80410527 3.08677613 -2.46287142
9.92710037 3.52963188 -2.74126432
10.05541978 4.01088486 -3.03305601
10.02217732 3.57113442 -2.75953119
10.10920237 3.89377285 -2.94604611
10.08662464 3.60247126 -2.77495372
10.18496678 3.75905403 -2.86769131
10.03667145 2.53922663 -2.19564116
10.31379916 3.58440758 -2.76913737
10.72115270 3.93263106 -2.97947913
10.87430167 4.21220475 -3.17198128
10.63777984 3.06266462 -2.44512369
10.89203643 3.94409643 -2.97882916
11.26269201 3.91796233 -2.97308599
11.41067438 4.03523705 -3.05145900
11.72212747 4.11959580 -3.07129182
11.96482867 4.07940839 -3.04007226
12.10405932 3.47291787 -2.67284233
12.38352758 4.40940395 -3.26547523
12.56163993 3.68569338 -2.78930626
-5.87405392 5.47366237 -18.14303814
-4.74532139 -1.65459004 -13.80129740
-4.62161342 2.70696092 -16.45919547
-4.42096636 2.70698129 -16.46153160
-4.43763946 4.65272664 -17.64495544
-4.25758182 7.96656212 -19.65993992
-4.22582081 8.10501377 -19.78979779
