-1.274841 2.432588 -4.770315 2.932558
-1.270458 2.445791 -4.762928 2.946806
-1.257264 2.436974 -4.751521 2.936790
-1.222163 2.502980 -4.706351 3.000500
-1.217699 2.428133 -4.713830 2.924954
-1.172717 0.266386 -5.021549 0.774623
-1.168734 1.552923 -4.810465 2.049667
-1.165005 2.480914 -4.653086 2.974727
-1.120088 -0.567520 -5.103266 -0.053665
-1.050741 2.480820 -4.537734 2.967387
-1.037753 2.723022 -4.482069 3.208136
-1.024545 2.696580 -4.473917 3.180784
-1.024334 2.427973 -4.518292 2.912475
-1.015562 2.449977 -4.506450 2.934147
-1.006793 2.476384 -4.493775 2.960040
-1.006751 2.419157 -4.501629 2.902766
-1.005982 0.836977 -4.763890 1.329317
-0.962848 2.471950 -4.449485 2.952545
-0.900965 1.825273 -4.495798 2.303652
-0.870299 -1.894006 -5.059019 -1.377241
-0.856654 -0.247084 -4.789525 0.248188
-0.852965 2.414654 -4.347080 2.887905
-0.852500 1.434155 -4.510580 1.912529
-0.839795 2.432252 -4.330750 2.904757
-0.817827 2.432239 -4.308836 2.903242
-0.812758 0.261973 -4.664505 0.748746
-0.800679 3.106299 -4.177129 3.574469
-0.787090 2.463035 -4.272628 2.931808
-0.783002 2.969605 -4.182957 3.437466
-0.765411 2.956369 -4.167190 3.422999
-0.755751 0.749132 -4.528840 1.227542
-0.747846 2.982807 -4.144508 3.447410
-0.747619 2.595094 -4.210476 3.061955
-0.747113 1.385801 -4.414097 1.857968
-0.743153 2.458609 -4.228338 2.924371
-0.738694 2.326573 -4.246987 2.793321
-0.729561 1.416544 -4.391311 1.887499
-0.725073 -0.923019 -4.768444 -0.427144
-0.725685 2.661139 -4.176426 3.125981
-0.725673 2.639119 -4.180411 3.104339
-0.725197 1.504403 -4.372268 1.974568
-0.690542 2.678738 -4.138563 3.141011
-0.685639 -1.247959 -4.779068 -0.750313
-0.681604 2.361751 -4.183463 2.824424
-0.681318 1.592261 -4.314575 2.058426
-0.584714 1.530725 -4.227977 1.991144
-0.576396 2.907784 -3.985266 3.361806
-0.554237 2.423315 -4.045451 2.877145
-0.545405 2.282494 -4.060302 2.736611
-0.541155 2.696290 -3.984725 3.148710
-0.536301 -0.642046 -4.535920 -0.160569
-0.527491 0.068883 -4.412728 0.541429
-0.527499 -0.290948 -4.470674 0.185136
-0.510308 2.418899 -4.001509 2.869815
-0.475315 2.898930 -3.883750 3.346437
-0.448798 -2.258929 -4.697627 -1.761016
-0.413780 2.854844 -3.828804 3.298056
-0.356673 2.938562 -3.757889 3.378346
-0.343398 2.458472 -3.825616 2.899209
-0.343299 1.807521 -3.942655 2.250485
-0.338948 -1.972982 -4.541601 -1.485344
-0.321709 -3.718465 -4.799485 -3.208181
-0.321325 1.605370 -3.952140 2.049781
-0.312528 1.412074 -3.974951 1.857236
-0.312472 0.261957 -4.167237 0.718489
-0.286155 -0.606917 -4.280706 -0.141002
-0.220441 2.925320 -3.619389 3.355817
-0.211548 0.253180 -4.068040 0.704175
-0.172088 2.462856 -3.651781 2.892335
-0.158924 3.163397 -3.516716 3.590053
-0.115012 0.134703 -3.991673 0.580933
-0.110597 -2.606661 -4.417441 -2.122994
-0.106217 1.794322 -3.705459 2.224108
-0.101830 1.640512 -3.724888 2.070995
-0.071132 -0.295327 -4.017131 0.154238
-0.009664 -1.291812 -4.112262 -0.832452
0.021015 -0.049593 -3.885456 0.391039
0.025657 -2.976824 -4.341244 -2.495326
0.025636 2.859227 -3.382784 3.274483
0.051836 1.785543 -3.546637 2.204880
0.073892 2.449670 -3.408390 2.864010
0.086982 1.939400 -3.485068 2.355802
0.086847 0.547201 -3.723433 0.976762
0.095614 0.235630 -3.764634 0.667980
0.108788 0.529648 -3.704185 0.958358
0.117629 -1.291823 -3.985662 -0.840330
0.205318 0.235632 -3.654953 0.661689
0.222899 0.709598 -3.560184 1.129261
0.245727 -3.674337 -4.234143 -3.194134
0.258479 -2.663993 -4.062009 -2.200216
0.279927 -0.343609 -3.675894 0.085169
0.302515 2.938638 -3.090263 3.335733
0.301891 -0.624492 -3.698919 -0.192705
0.319633 1.680121 -3.295858 2.084481
0.341672 -1.911486 -3.860268 -1.463655
0.350187 0.828126 -3.412562 1.238428
0.355004 2.388136 -3.136260 2.784643
0.407953 2.859362 -2.999465 3.249921
0.407183 0.016227 -3.490475 0.433154
0.420470 1.135459 -3.290402 1.538599
0.469031 -1.915930 -3.735450 -1.475423
0.468625 0.007450 -3.431147 0.420781
0.508542 1.939524 -3.062436 2.330163
0.508265 1.135480 -3.203106 1.533361
0.513138 -2.303066 -3.753189 -1.859314
0.530122 -0.633300 -3.473363 -0.214939
0.547640 -0.308519 -3.403864 0.104245
0.556544 1.095973 -3.160954 1.490991
0.578494 1.095979 -3.139095 1.489753
0.613613 1.091598 -3.104831 1.483449
0.635563 1.087213 -3.083736 1.477682
0.648725 -0.997706 -3.413256 -0.580995
0.653038 -0.681606 -3.359434 -0.269796
0.657515 1.091610 -3.061099 1.481025
0.661769 -0.369972 -3.300899 0.037018
0.727698 0.872099 -3.028888 1.259879
0.727644 -0.563103 -3.267266 -0.157275
0.740992 -1.190963 -3.351772 -0.777374
0.740867 0.863322 -3.017063 1.250242
0.784946 1.359561 -2.888325 1.738237
0.802218 -0.049605 -3.109521 0.344954
0.828771 1.148756 -2.881099 1.527517
0.841739 0.283940 -3.015572 0.671787
0.856472 -2.968510 -3.519390 -2.533864
0.859751 1.649585 -2.763137 2.021216
0.938318 0.011836 -2.964006 0.397382
0.938319 -0.058387 -2.975721 0.328196
0.938414 -0.677284 -3.075792 -0.282250
0.955999 0.815090 -2.811918 1.189271
0.969072 -0.282229 -2.981652 0.105406
0.973530 -0.629003 -3.033923 -0.236902
0.991333 -1.243784 -3.114105 -0.843729
1.043731 -0.352468 -2.920024 0.031305
1.092112 -0.668548 -2.923786 -0.283041
1.110304 1.856360 -2.477760 2.210640
1.149120 -0.291032 -2.805231 0.086013
1.365684 2.296528 -2.260849 2.636666
1.365266 1.913755 -2.328855 2.257139
1.374715 2.485850 -2.217770 2.823857
1.374631 2.419801 -2.229753 2.758311
1.400343 1.821441 -2.309424 2.163658
1.428548 3.177974 -2.040016 3.507348
1.427162 2.226181 -2.211485 2.563143
1.437396 3.204466 -2.026694 3.533137
1.440558 2.389066 -2.169290 2.723792
1.455190 3.310427 -1.989863 3.637232
1.472823 3.323703 -1.970160 3.649557
1.480118 2.371507 -2.132969 2.703932
1.490351 3.279591 -1.960126 3.604266
1.532388 1.962314 -2.152338 2.295334
1.545571 1.953531 -2.140628 2.285786
1.545541 1.927140 -2.145290 2.259628
1.559693 2.644684 -2.004859 2.969961
1.603700 2.649159 -1.959892 2.971595
1.604810 3.275394 -1.846350 3.592889
1.607758 2.424522 -1.995706 2.748694
1.652833 3.063665 -1.835739 3.379695
1.653361 3.332884 -1.787514 3.646853
1.656682 2.755009 -1.887915 3.073250
1.656213 2.464228 -1.939990 2.785089
1.661113 2.772647 -1.880270 3.090431
1.678881 2.865253 -1.845525 3.181221
1.713651 2.609684 -1.856678 2.925604
1.735634 2.596503 -1.836979 2.911203
1.734657 1.927363 -1.956023 2.248430
1.739861 2.490785 -1.851526 2.806246
1.738827 1.733849 -1.985540 2.056729
1.745248 3.041786 -1.747163 3.352072
1.744466 2.614142 -1.824977 2.928123
1.743703 2.116569 -1.913725 2.435172
1.748537 2.411524 -1.856898 2.727096
1.756513 1.813028 -1.954262 2.133872
1.763427 3.315454 -1.679958 3.622483
1.792331 2.275095 -1.836972 2.589241
1.810686 2.724428 -1.738641 3.033357
1.815286 2.830234 -1.714956 3.138049
1.818715 2.261928 -1.812841 2.574633
1.862061 1.786767 -1.852688 2.101450
1.910515 1.830812 -1.795816 2.142027
2.013572 2.887957 -1.385772 3.177560
2.218918 -1.944114 -2.140631 -1.599595
2.218907 2.007258 -1.334744 2.292492
2.539030 0.881837 -2.402584 1.215724
2.614484 1.405108 -2.211454 1.726238
2.619054 1.523875 -2.179959 1.843019
2.623257 1.374333 -2.209805 1.695536
2.623224 1.347945 -2.215811 1.669605
2.736998 0.328207 -2.326213 0.659906
2.754627 0.328212 -2.308754 0.658800
2.807522 0.332623 -2.255353 0.659971
2.826476 1.660593 -1.939890 1.965353
2.839420 1.480205 -1.970782 1.787124
2.860416 0.310664 -2.204717 0.634944
2.887717 1.330700 -1.957757 1.637335
2.927954 3.358501 -0.385975 3.585117
2.932003 1.453946 -1.884037 1.755719
2.940188 0.943738 -1.991267 1.253253
2.958818 3.340928 -0.358039 3.565687
2.971720 1.462807 -1.842010 1.762158
3.029755 3.407492 -0.275199 3.626898
3.090536 3.098356 -0.269329 3.317528
3.103153 2.904095 -0.290510 3.124476
3.108318 3.129339 -0.246562 3.346908
3.116333 0.539359 -1.901708 0.844586
3.120764 0.570139 -1.890582 0.874742
3.143843 1.471881 -1.666998 1.760821
3.187891 3.134034 -0.166346 3.346608
3.188102 1.537976 -1.606061 1.823317
3.195823 0.622953 -1.801356 0.923238
3.200259 0.653738 -1.792313 0.952420
3.217931 0.675738 -1.770344 0.973104
3.240523 3.014944 -0.134978 3.225258
3.240282 2.944281 -0.147213 3.155106
3.249952 1.555692 -1.539409 1.837083
3.280451 3.054838 -0.088149 3.262366
3.276295 1.467700 -1.535133 1.748937
3.289914 1.670234 -1.468836 1.947353
3.306260 0.715388 -1.672700 1.006733
3.316114 1.507386 -1.485255 1.785662
3.333578 3.072698 -0.032206 3.276535
3.333830 1.533831 -1.460706 1.810644
3.381355 0.737443 -1.591488 1.024089
3.399539 2.966913 0.015448 3.167677
3.404205 1.353469 -1.435646 1.629015
3.421885 1.357900 -1.416847 1.632452
3.430773 1.388727 -1.400212 1.662127
3.470428 2.998089 0.090890 3.194173
3.519664 1.657480 -1.241973 1.920986
3.541635 1.591463 -1.237660 1.854973
3.540710 1.019184 -1.371627 1.291855
3.549623 1.076406 -1.351178 1.347698
3.576866 1.521071 -1.220651 1.783621
3.580644 1.133663 -1.308086 1.402228
3.580315 0.869617 -1.362049 1.142159
3.630111 1.613662 -1.144174 1.871443
3.647756 1.591675 -1.132318 1.848832
3.647685 1.556440 -1.141170 1.814214
3.709671 1.587396 -1.071969 1.840971
3.718258 1.455281 -1.095923 1.710519
3.724145 3.343920 0.404358 3.518804
3.731237 1.292374 -1.121554 1.549564
3.730789 0.988616 -1.185791 1.250294
3.735721 1.327607 -1.109043 1.584084
3.753462 1.354059 -1.085093 1.608937
3.753073 1.111899 -1.138663 1.370363
3.766576 1.261611 -1.092810 1.517139
3.789347 1.605183 -0.988653 1.853662
3.789002 1.433394 -1.030238 1.684740
3.788288 0.984288 -1.127963 1.242576
3.801521 0.953491 -1.119903 1.211527
3.815543 1.429040 -1.004563 1.678859
3.814984 1.094379 -1.079438 1.349482
3.820241 1.565599 -0.967255 1.812842
3.824470 1.468697 -0.986147 1.717221
3.841381 0.984356 -1.073226 1.239208
3.846343 1.332204 -0.996439 1.581710
3.845734 0.927134 -1.077990 1.182960
3.850496 1.169280 -1.027762 1.421187
3.854977 1.204513 -1.015646 1.455709
3.859286 1.129666 -1.027031 1.381626
3.859014 0.931553 -1.063469 1.186358
3.864077 1.349852 -0.974276 1.597999
3.872858 1.310231 -0.974453 1.558459
3.872340 0.971189 -1.043294 1.224480
3.885768 1.081273 -1.009484 1.332256
3.899138 1.142936 -0.983646 1.392222
3.903397 1.028464 -1.001158 1.279036
3.912268 1.041684 -0.989587 1.291511
3.925656 1.116556 -0.961775 1.364584
3.931128 1.667178 -0.830995 1.906115
3.961419 -1.251651 -0.153098 -1.028861
3.976860 3.362747 0.659158 3.521316
4.000790 1.028599 -0.900200 1.273300
4.040582 0.984620 -0.866393 1.227408
4.108282 1.658773 -0.655526 1.887112
4.134521 1.504577 -0.664661 1.733880
4.138777 1.420861 -0.678876 1.651253
4.143539 1.575110 -0.639373 1.802848
4.148021 1.597158 -0.629740 1.824163
4.174726 1.645705 -0.591544 1.870230
4.196753 1.588454 -0.582039 1.812638
4.201227 1.606095 -0.573303 1.829730
4.205568 1.566435 -0.578423 1.790341
4.232166 1.566495 -0.551045 1.788772
4.272453 1.725300 -0.474367 1.942570
4.276228 1.443179 -0.534100 1.664868
4.307382 1.496138 -0.490596 1.714948
4.320930 1.601968 -0.453588 1.818419
4.320919 1.597559 -0.454523 1.814008
4.334050 1.522646 -0.457610 1.739305
4.347747 1.685806 -0.407844 1.899439
4.351872 1.557954 -0.431593 1.773085
4.374285 1.655006 -0.387885 1.867551
4.387432 1.588899 -0.388583 1.801441
4.463060 1.668458 -0.295868 1.875121
4.502915 1.633278 -0.262443 1.837791
4.514438 3.440674 1.209237 3.561284
4.516165 1.606850 -0.254472 1.810912
4.534461 1.809797 -0.191381 2.009683
4.534056 1.659819 -0.226067 1.862234
4.554774 -2.484079 0.257825 -2.275032
4.556164 1.624591 -0.210581 1.825978
4.564037 1.161663 -0.296866 1.369912
4.569846 1.761368 -0.167899 1.959874
4.582838 1.637890 -0.180946 1.837620
4.614097 1.704138 -0.135489 1.900727
4.639539 1.175024 -0.217236 1.378251
4.644899 1.593940 -0.127630 1.790650
4.658326 1.633673 -0.105237 1.829080
4.672036 1.774888 -0.061232 1.967000
4.684967 1.629331 -0.079407 1.822760
4.716646 1.836795 -0.000353 2.025283
4.795040 -1.112185 0.707628 -0.941985
4.801005 2.950655 1.408045 3.059580
4.809698 1.739975 0.069312 1.923847
4.836474 1.775358 0.104877 1.957044
4.876841 1.890247 0.174648 2.067695
4.875515 1.404821 0.063251 1.590224
4.892871 1.206373 0.047288 1.393919
4.905302 -2.313120 0.631725 -2.125964
4.912084 1.779993 0.181903 1.956903
4.996937 1.886210 0.294013 2.055725
5.023007 1.678788 0.272492 1.850694
5.076675 1.767240 0.346911 1.933625
5.119923 1.286251 0.289294 1.457924
5.130249 1.815977 0.411332 1.978421
5.195484 1.229051 0.366199 1.398275
5.232630 1.798632 0.509592 1.955164
5.237184 1.829565 0.520404 1.985184
5.263989 1.851737 0.552207 2.005638
5.268287 1.803162 0.546669 1.957450
5.375357 1.834431 0.659433 1.981339
5.491325 1.839234 0.777293 1.978515
5.494966 1.578577 0.724042 1.722376
5.523007 1.967517 0.841499 2.102964
5.531419 1.821692 0.814210 1.958660
5.670220 1.941525 0.981160 2.067903
5.678215 1.667492 0.927319 1.798312
-1.820133 2.472865 -5.307359 3.009796
-1.712935 0.244492 -5.563813 0.785469
-1.712923 0.046944 -5.596366 0.589553
-1.651516 -0.576444 -5.635559 -0.031150
-1.551832 2.459302 -5.043390 2.978705
-1.453913 0.889806 -5.203979 1.409560
-1.423481 1.491559 -5.074458 2.006511
-1.401201 0.881004 -5.152023 1.397676
-1.341092 -2.646984 -5.648135 -2.095094
-1.310022 2.450232 -4.802128 2.953053
-1.296870 2.485441 -4.782057 2.988078
2.384418 1.677645 -2.377584 2.010604
3.863304 1.111828 -1.029514 1.362327
4.474308 2.455700 1.002871 2.595476
3.186442 0.634139 -1.809938 0.935005
2.780781 0.387469 -2.266925 0.715540
5.076727 1.815664 0.359863 1.980270
5.344605 2.021304 0.677450 2.166975
4.464094 1.651139 -0.297841 1.858404
3.156927 0.282244 -1.901258 0.581558
3.121933 0.334961 -1.936841 0.642338
3.595919 1.718527 -1.150558 1.976603
4.875625 1.227626 0.033534 1.416579
5.487477 1.631578 0.725390 1.774516
4.861169 1.617956 0.095418 1.802936
2.003022 -1.765295 -2.329457 -1.389715
3.796505 -2.192907 -0.459943 -1.947799
2.579777 1.177378 -2.295527 1.504099
3.301811 1.405983 -1.525708 1.686530
1.117143 -1.084024 -2.966837 -0.697331
1.514986 2.315164 -2.110988 2.642317
