0 0 31.742654 5.59634043 -0.0101806 31.92956631
1.89669912 2.36879147 6.39503734 6.5643788 2.46628191 7.98145607
1.9912572 2.24784944 6.48623159 6.64747768 2.32505396 8.20222024
2.07037939 1.82498877 6.78906793 6.72293441 1.9259124 8.45398927
1.86679626 0.11523611 7.62807846 6.51815985 0.31679759 9.24680717
0.5633917 0.79099243 7.33176964 5.30232979 0.9846978 9.02314429
0.65329244 0.21927867 7.52490092 5.37962359 0.43737318 9.25825486
1.87161522 -3.51446848 1.54494043 6.2255303 -3.0381585 3.4127497
2.17400949 -3.52542636 1.41418933 6.50116879 -3.04840075 3.39675609
0.92738117 -4.22093566 0.21728839 5.2756586 -3.63539065 2.32847785
0.56723581 2.45216334 6.31522874 5.31147688 2.55155295 8.07521066
1.7352414 1.72095655 6.84140643 6.40833255 1.83666213 8.4972625
1.34002822 1.1074014 7.21811891 6.03481743 1.26258394 8.87292265
-1.12877389 2.48988529 6.23440128 3.7212033 2.62695011 8.09106457
1.74880166 6.82502342 -6.29760476 6.09156725 6.75494054 -3.70390781
-2.54823006 2.78523298 6.07928066 2.39039586 2.9406533 7.97565615
-0.56383181 1.4039931 7.02692956 4.24668067 1.59003375 8.73124263
-1.48433821 1.82921051 6.64915315 3.38699528 2.01158206 8.49375597
5.17055444 5.50884466 -1.81492763 9.41278336 5.37961678 0.41218334
-0.12855075 6.71628447 -6.28060812 4.33285262 6.6810929 -3.57118149