1026 277 236.004582 167.176484
1052 277 261.997575 168.703753
1058 289 266.256842 181.085244
1062 278 271.887378 170.287912
1072 279 281.929647 171.949427
1121 251 335.698589 146.973500
1123 312 327.219204 207.914927
1126 241 342.823649 137.417714
1248 773 373.387301 671.148615
1328 1280 373.377624 1174.820753
1387 583 542.972996 491.789671
1407 583 562.612021 492.936322
1416 912 517.035021 817.949487
1431 593 584.872218 504.270176
1606 240 795.423907 163.977954
1669 211 863.519037 138.899354
1688 247 876.023910 175.667520
1993 138 1229.991661 87.036150
2036 148 1271.005712 99.574590
2048 144 1283.843989 96.391353
2169 535 1069.248323 477.702577
2344 575 1241.633251 527.779009
2405 438 1332.611804 395.976057
2542 396 1482.564272 362.494412
867 447 50.641381 325.656472
967 502 140.105120 386.760701
