2276.548379 470.588301 1557.021371 502.194852 731.657594 471.633445
2297.301707 488.574519 1576.131765 519.337999 749.105949 488.045265
2133.885901 691.917290 1380.371718 729.689065 522.255815 689.572422
2159.062100 772.556913 1398.067083 810.149848 533.088818 775.820333
2317.767817 788.658221 1564.501940 821.695653 696.579935 787.302299
2086.899154 467.769026 1361.319112 506.049262 541.381277 475.030537
1855.732609 442.064306 1131.521446 489.032341 323.387070 459.509920
2111.602912 1224.481647 1550.314841 1261.564909 863.243982 1227.649689
2077.706576 1224.773856 1513.073747 1261.564909 824.557806 1228.400876
1964.992057 531.482365 1229.363243 573.933336 403.407929 543.150961
2358.254710 238.665054 1844.697918 259.705893 1227.423319 226.700542
2544.388437 922.107953 1972.686433 945.603114 1274.268011 915.663703
2502.313056 463.592392 1972.506239 482.005177 1328.459304 449.363879
1777.235574 196.324734 1323.616815 237.525416 778.530147 210.358435
2169.651468 1644.529379 1575.548243 1682.530029 844.374751 1648.392947
2278.734400 1150.432841 1678.390306 1183.267230 948.777474 1151.180207
2233.051148 644.658778 1487.896312 678.515832 636.907396 646.015984
1615.424197 479.369824 885.499990 534.373879 80.047447 504.970228
2318.451996 546.835192 1589.515840 577.176952 751.417815 544.022343
2136.213198 792.616736 1384.763032 830.319939 526.144180 797.412153
2131.722667 807.210960 1384.958915 845.402958 533.057415 811.029130
2124.054544 827.566276 1385.568133 862.853301 542.874398 829.578260
2115.973899 847.498532 1386.696480 885.138159 552.341995 851.353733
2110.586803 863.659821 1388.389001 902.345454 559.916073 867.448648
2116.512609 881.437238 1402.493342 918.424402 581.218166 883.543564
