1518.668321 406.122906 791.032352 376.522061 104.600228 461.789190
1935.079815 353.355527 1223.704631 305.083161 524.128935 377.625903
1950.634653 364.503161 1241.680882 315.586140 540.036526 387.089914
2370.007476 462.297416 1674.964714 398.017310 954.515357 451.918288
2330.802128 540.062484 1622.017372 477.986312 892.395250 533.350569
2307.846773 468.977746 1605.968913 407.148884 885.023698 463.428022
2010.302541 408.230205 1297.424548 357.343115 588.502671 426.253512
2422.511768 492.755744 1727.737931 426.027750 1004.481940 477.647223
2567.209660 517.650325 1880.932535 446.110362 1155.184716 491.841521
2378.569188 563.106977 1672.878690 499.160241 940.199250 552.063430
2515.782733 598.394313 1815.063501 529.874823 1078.237311 577.420719
2075.378864 416.420561 1365.639145 362.977832 654.045340 428.230446
1865.437911 465.860658 1141.086693 422.095426 431.089907 495.489852
1817.356902 389.728095 1098.464975 347.771185 398.642843 423.353516
2445.731511 1329.478895 1935.209292 1287.342373 1397.816608 1323.674964
2538.843627 1339.063965 2035.667617 1294.244089 1504.220260 1326.181729
2404.653477 313.071947 1956.685177 251.006409 1497.624700 286.544732
2066.746551 1354.284768 1535.989372 1320.523907 996.427334 1363.810347
