1053 68 589.910981 63.401004
1198 92 733.139902 80.975554
1199 88 734.473249 76.954433
1241 75 777.495468 62.105723
1242 80 778.122423 67.024999
1242 98 776.767962 85.012168
1244 48 782.477144 35.024799
1246 78 782.324185 64.850475
1266 437 532.214884 418.027864
1272 106 806.184198 91.620148
1274 26 814.315335 11.658291
1285 408 554.451346 388.391415
1286 90 821.365893 75.026381
1289 407 558.547842 387.288408
1291 115 824.467178 99.768298
1297 390 568.843246 369.927305
1301 151 831.873999 135.283203
1301 407 570.555358 386.784419
1321 403 591.199287 381.878401
1355 127 887.695630 108.920005
1393 392 665.580191 367.861961
1400 159 930.564653 138.889789
1403 162 933.353811 141.748479
1419 198 946.984569 177.071848
1421 190 949.571372 169.000755
1425 132 957.932717 110.806366
1427 217 953.761820 195.714744
1429 98 964.483245 76.650468
1441 391 713.592003 364.850030
1441 396 713.227080 369.867356
1444 37 984.508066 14.989594
1582 146 1116.353059 117.835737
1606 146 1140.756797 116.746362
1608 149 1142.612591 119.653902
1630 499 895.354687 464.893073
1645 170 1178.999179 139.120069
1650 174 1183.804188 142.906204
1687 77 1228.995685 43.974206
1689 74 1231.299592 40.851558
1714 203 1247.427588 169.259231
1716 404 992.914109 365.935022
1740 1338 1197.182149 1310.466163
1759 249 1290.162471 213.507396
1760 402 1038.640016 362.007164
1804 402 1084.332181 360.083716
1807 398 1087.626532 355.904504
1809 280 1339.488562 242.538381
1831 460 1105.126431 417.335864
1846 380 1129.667347 336.067356
1847 210 1383.820689 170.514272
1853 400 1134.628959 356.003581
1864 406 1145.399752 361.515195
1876 498 1148.719025 453.753784
1886 422 1166.774750 376.709820
1930 407 1213.620046 359.675307
1961 472 1239.768563 424.017884
2006 426 1291.482255 375.640114
2040 384 1331.412936 331.737315
2066 405 1356.409234 351.864885
2101 400 1393.773488 345.310775
2101 409 1392.843221 354.387122
2104 404 1396.478825 349.200082
2105 468 1390.816668 414.018666
2115 411 1407.361173 355.822301
2116 386 1411.323131 330.469979
2153 512 1437.018704 456.699331
2176 515 1461.083928 458.801468
2180 430 1474.334873 372.455030
2202 428 1497.519431 369.479508
2202 437 1496.568004 378.577719
2236 450 1531.616310 390.426957
2242 444 1538.437101 384.156576
2261 448 1558.624621 387.363308
2271 444 1569.547245 382.925588
2280 453 1578.606822 391.650899
2298 483 1594.315806 421.475806
2299 432 1601.034200 369.564437
2305 431 1607.544983 368.383175
2305 498 1600.093781 436.538533
2308 508 1602.324127 446.550091
2315 488 1611.955411 425.895527
2316 464 1616.012521 401.444865
2322 558 1612.001063 497.042877
2327 475 1626.468734 412.243152
2336 568 1626.065151 506.569700
2359 467 1661.924860 402.759627
2361 485 1661.879405 421.023087
2393 282 1946.881475 220.521290
2529 401 2057.983045 335.462761
471 80 12.107756 99.070550
477 91 16.965364 109.988449
528 101 67.100480 117.577276
531 905 15.152655 910.087319
532 900 16.491537 905.144108
534 84 73.775709 100.339305
537 31 80.986934 47.965445
537 904 21.134526 908.808069
547 308 71.009885 321.459826
555 207 86.168742 221.485085
561 1053 35.295467 1054.868925
566 1034 41.358684 1035.873357
566 971 45.378709 973.835541
576 196 107.811878 209.894797
589 265 115.420964 277.574539
591 1028 65.737301 1029.206109
605 262 131.422108 273.975738
609 152 143.401139 165.020658
637 154 170.671566 165.864355
639 263 164.841669 273.719379
656 54 196.374315 66.381096
660 42 201.616385 54.039144
670 210 199.036427 220.076894
685 321 205.961127 329.157136
698 202 227.352390 210.933974
702 265 226.523469 273.096764
873 180 377.001847 181.986426
879 256 377.521973 257.155018
880 259 378.269094 260.094562
945 173 474.060443 172.406704
750.168295 384.195910 31.471300 385.007248
1056.679931 531.366812 312.572837 519.466915
1519.401557 251.008488 1044.932217 226.156560
878.975643 628.745106 127.244778 622.359570
775.015561 678.765710 19.122464 674.684869
1373.140959 390.719840 645.331780 366.880664
1537.380642 342.078899 724.440061 321.769727
1223.355151 418.422747 491.257335 400.930242
858.163646 709.237988 102.486474 702.281483
850.073609 695.399767 90.334095 688.590829
1029.197717 391.614011 303.457588 382.200604
1298.839371 518.974546 557.134071 498.090468
1456.393093 437.558689 724.617131 410.718906
1312.925937 431.044084 580.220704 410.458341
760.939837 1158.013801 197.199363 1160.743833
1186.445103 1285.267838 638.621559 1269.138389
768.659087 499.322130 33.264820 497.784111
943.767135 457.654848 208.858884 450.920873
616.050004 1000.363230 90.911607 1000.623640
810.967139 240.639901 310.647543 244.659593
1518.668321 406.122906 791.032352 376.522061
1935.079815 353.355527 1223.704631 305.083161
1950.634653 364.503161 1241.680882 315.586140
2370.007476 462.297416 1674.964714 398.017310
2330.802128 540.062484 1622.017372 477.986312
2307.846773 468.977746 1605.968913 407.148884
2010.302541 408.230205 1297.424548 357.343115
2422.511768 492.755744 1727.737931 426.027750
2567.209660 517.650325 1880.932535 446.110362
2378.569188 563.106977 1672.878690 499.160241
2515.782733 598.394313 1815.063501 529.874823
2075.378864 416.420561 1365.639145 362.977832
1865.437911 465.860658 1141.086693 422.095426
1817.356902 389.728095 1098.464975 347.771185
2445.731511 1329.478895 1935.209292 1287.342373
2538.843627 1339.063965 2035.667617 1294.244089
2404.653477 313.071947 1956.685177 251.006409
2066.746551 1354.284768 1535.989372 1320.523907
