1006 1388 352.450599 1350.200134
1046 1318 397.005291 1281.004617
1075 195 539.983922 170.064205
1145 1320 493.558979 1283.974862
1261 1324 606.731993 1289.002901
1281 311 728.625065 284.066209
1290 309 737.655154 281.982333
1290 312 737.356856 284.966614
1325 239 780.182412 212.038451
1329 224 785.871126 197.048531
1338 504 519.376662 473.296534
1345 457 775.329905 429.062254
1359 507 539.291214 476.064478
1363 711 511.913638 677.931994
1370 1329 713.381207 1295.058090
1376 448 806.929484 419.859631
1458 200 915.609604 172.060528
1505 308 924.003241 279.233730
1522 240 948.705129 211.189943
1522 365 933.847486 336.023510
1523 261 947.082560 232.191026
1524 368 935.443966 338.985679
1525 290 945.715920 261.089607
1525 428 929.437162 398.680648
1527 191 959.363767 162.217678
1528 764 665.388518 730.170801
1537 777 672.660295 743.072069
1548 1266 859.317460 1233.495516
1553 190 985.138256 161.014262
1559 99 1001.807403 69.977291
1561 196 992.269412 166.891266
1572 375 982.046692 345.610838
1573 201 1003.418407 171.730889
1576 1676 845.562989 1641.791545
1580 1678 849.262856 1643.779898
1583 954 925.136429 923.007172
1587 937 931.036976 906.091758
1591 951 933.416982 920.033070
1592 944 935.198956 913.102420
1595 502 989.275108 472.219295
1602 674 975.833638 643.806722
1603 652 979.460010 621.833533
1605 714 974.039647 683.726584
1641 70 1049.110533 39.757481
1666 177 1060.142413 146.462421
1674 177 1068.117524 146.388335
1676 1021 966.279386 989.292418
1682 178 1075.886027 147.361484
1713 602 1053.146617 570.971082
1723 805 1038.390707 773.876811
1724 672 1056.003309 640.929199
1751 1509 986.656337 1477.022185
1755 1511 990.485580 1479.032468
1756 352 1127.473928 320.721713
1760 877 1066.624029 845.825304
1766 323 1141.160932 291.308562
1784 353 1155.284639 321.512880
1789 874 1096.265647 842.969202
1794 178 1187.795600 146.326559
1796 1339 1049.835513 1307.958965
1820 144 1217.756554 111.681593
1847 293 1226.158890 260.883731
1865 296 1243.936148 263.818417
1890 307 1267.484266 274.690393
1917 184 1310.591890 150.863660
1966 803 1283.257518 772.005578
1994 947 1294.558041 916.711630
2008 303 1387.008535 269.625700
2167 474 1527.970152 440.774689
2168 468 1529.380422 435.363251
2173 128 1577.859536 92.630408
2264 127 1671.674104 91.030213
2282 128 1689.599081 91.882661
2305 878 1620.851583 848.059814
2310 356 1689.113408 321.164826
2311 238 1705.081702 202.289659
2319 1182 1599.721704 1155.283225
2342 491 1704.830161 457.240468
2346 1104 1636.667290 1076.720756
2362 553 1717.864447 519.483423
2363 253 1755.974801 216.903885
2366 547 1723.285442 513.837858
2369 418 1741.917506 383.327236
2373 1032 1672.749893 1004.182419
2373 738 1706.718415 706.736484
2384 419 1757.018696 384.281382
2412 260 1805.674357 223.953946
2413 617 1762.326483 584.549260
2422 197 1823.792510 159.671777
2427 544 1786.098028 510.497048
2429 1189 1711.947970 1163.078913
2432 958 1742.176172 929.317240
2439 321 1825.675682 286.711699
2442 734 1778.584714 703.127563
2445 607 1797.262082 574.332161
2446 751 1780.583456 719.980372
2452 607 1804.368509 574.241511
2455 1109 1748.278967 1082.399053
2479 1268 1754.506736 1243.501086
2492 881 1812.999419 851.627266
2499 316 1888.034013 280.023942
2504 1352 1770.692078 1328.550287
2519 216 1920.660688 178.471429
2548 742 1887.355824 710.984062
2553 803 1884.610221 773.399063
2555 953 1869.611412 924.839142
2577 1042 1881.489979 1015.253700
546 142 30.868269 119.950969
675 1363 34.171451 1323.415249
858 464 62.885169 436.029759
898 577 87.044840 547.207401
900 1118 274.281287 1083.180298
997 1403 342.685331 1364.836752
1557.021371 502.194852 731.657594 471.633445
1576.131765 519.337999 749.105949 488.045265
1380.371718 729.689065 522.255815 689.572422
1398.067083 810.149848 533.088818 775.820333
1564.501940 821.695653 696.579935 787.302299
1361.319112 506.049262 541.381277 475.030537
1131.521446 489.032341 323.387070 459.509920
1550.314841 1261.564909 863.243982 1227.649689
1513.073747 1261.564909 824.557806 1228.400876
1229.363243 573.933336 403.407929 543.150961
1844.697918 259.705893 1227.423319 226.700542
1972.686433 945.603114 1274.268011 915.663703
1972.506239 482.005177 1328.459304 449.363879
1323.616815 237.525416 778.530147 210.358435
1575.548243 1682.530029 844.374751 1648.392947
1678.390306 1183.267230 948.777474 1151.180207
1487.896312 678.515832 636.907396 646.015984
885.499990 534.373879 80.047447 504.970228
1589.515840 577.176952 751.417815 544.022343
1384.763032 830.319939 526.144180 797.412153
1384.958915 845.402958 533.057415 811.029130
1385.568133 862.853301 542.874398 829.578260
1386.696480 885.138159 552.341995 851.353733
1388.389001 902.345454 559.916073 867.448648
1402.493342 918.424402 581.218166 883.543564
