1274 26 814 11
537 31 81 48
869 46 383 49
892 46 405 48
1289 46 828 31
885 64 397 66
1255 67 792 54
1689 74 1231 41
1687 77 1230 44
805 78 318 83
1246 78 782 65
1429 98 964 77
1405 101 940 80
1281 102 815 87
1528 105 1065 79
868 106 378 109
1642 109 1180 78
1191 115 724 104
1253 123 786 109
1179 125 712 114
1355 127 888 109
880 128 388 130
1253 137 784 124
1253 137 784 124
1046 140 578 136
1046 140 578 136
1589 142 1124 113
862 143 369 146
1613 144 1148 115
1582 146 1116 118
1606 146 1140 117
1249 149 780 136
1608 149 1143 120
1519 158 1051 133
861 160 366 162
1362 170 891 152
1650 174 1184 143
1723 174 1259 139
1737 176 1273 141
869 176 373 178
861 179 365 181
873 180 377 182
1725 183 1260 148
1729 183 1265 149
1716 189 1250 155
1419 198 947 177
1714 203 1248 169
1368 204 895 185
1714 205 1247 171
1716 208 1249 174
1716 208 1249 174
1305 212 832 196
883 216 384 218
1720 217 1253 183
1720 217 1253 183
1349 221 875 203
869 222 370 223
1312 223 837 207
1331 225 857 208
1338 225 864 208
1342 225 868 208
1520 243 1046 218
1665 250 1194 218
1665 250 1194 218
789 251 289 256
1692 252 1221 219
784 255 283 259
879 256 378 257
1414 263 937 242
1405 267 928 247
882 269 379 270
1442 270 965 248
1541 271 1065 245
1541 271 1065 245
1809 280 1339 243
942 293 463 292
1773 294 1301 258
844 303 339 305
989 314 508 311
791 316 286 320
1473 319 993 295
1485 319 1005 296
1247 325 765 312
802 334 296 337
800 336 294 339
795 350 287 353
1554 354 834 323
1654 354 934 319
864 360 355 360
1862 366 1148 322
1769 370 1052 330
1713 373 993 335
1333 376 606 355
1646 377 923 342
1613 380 890 347
1875 381 1159 337
1591 384 866 351
1539 386 813 356
1534 386 809 357
1534 386 809 357
1561 387 837 356
1782 388 1063 347
1297 390 569 370
1109 399 380 386
1474 399 746 372
2101 400 1394 345
2047 400 1337 348
1278 402 548 383
1481 402 754 374
1856 404 1138 360
1864 406 1146 362
1719 407 996 369
1719 407 996 369
1930 407 1213 359
1930 407 1213 359
1285 408 554 388
1271 409 540 390
1934 409 1218 362
1290 413 559 394
1306 415 576 394
1351 417 620 395
1657 417 930 381
1128 422 395 409
1081 423 349 411
1542 423 812 392
806 425 78 424
1536 428 806 398
1715 430 988 392
1704 431 977 394
1761 433 1036 392
1458 433 726 406
1742 434 1016 395
2271 434 1570 373
1114 437 380 424
1777 438 1051 397
1777 438 1051 397
1574 441 843 409
1683 444 953 407
1193 450 457 434
1539 452 806 421
826 455 94 453
1311 458 574 437
1831 460 1105 417
781 461 49 460
1318 463 581 441
1064 463 327 452
1547 465 814 434
1316 467 579 446
1693 468 961 431
2105 468 1391 414
1556 468 821 437
1754 470 1024 431
1299 480 561 459
1993 482 1272 433
1374 485 636 462
2002 486 1281 437
1781 488 1051 448
1318 492 579 470
1473 492 736 465
1589 495 852 462
1876 498 1149 454
2042 500 1321 449
1423 508 683 483
1428 512 688 486
935 520 193 512
1052 525 308 514
1052 525 308 514
834 529 94 526
1232 531 490 513
1046 549 299 538
1047 560 300 548
1031 564 284 553
763 646 11 643
763 646 11 643
770 646 17 643
861 655 106 648
680 1147 117 1143
696 1148 132 1144
738 1166 173 1160
716 1231 147 1225
703 1266 132 1260
705 1497 118 1488
1678 1513 1122 1489
689 1521 100 1512
632 1594 39 1586
611 1657 14 1648
731 1677 131 1666
731 1677 131 1666
733 1680 132 1669
733 1680 132 1669
690 1705 88 1694
690 1708 88 1697
690 1708 88 1697
852 14 369 18
845 23 361 27
1296 39 836 23
660 42 202 54
1511 47 1051 22
1213 62 750 51
1053 68 590 64
1050 70 586 66
1050 70 586 66
1213 72 750 60
1241 75 778 62
1202 84 737 73
1412 87 949 65
1478 86 1015 63
1199 88 734 77
1199 88 734 77
596 92 135 106
1242 98 777 85
528 101 67 117
1370 104 905 86
1227 107 762 94
1278 114 812 99
1234 114 767 102
1234 114 767 102
1291 115 824 100
1713 134 1251 100
848 138 356 142
876 149 382 151
1245 152 776 139
1614 152 1149 122
1614 152 1149 122
1400 159 931 139
1403 162 933 142
945 173 474 172
1358 173 888 155
1421 190 950 169
1723 190 1258 155
576 196 108 211
1374 202 901 183
1374 202 901 183
1847 210 1384 171
1847 210 1384 171
1512 217 1040 192
798 222 299 227
815 223 317 227
880 259 378 260
870 265 368 266
870 265 368 266
702 265 226 273
1349 267 872 249
870 294 366 295
1422 298 943 277
988 320 506 317
988 320 506 317
685 321 206 329
766 350 259 354
1490 359 768 331
1538 362 816 331
1836 363 1122 320
1586 366 864 333
1697 373 977 335
1846 380 1130 336
1354 384 627 362
1428 384 701 359
1459 386 732 359
1743 387 1022 348
1376 388 649 364
1616 388 891 354
2139 389 1435 332
1733 389 1012 350
1660 392 937 356
2016 395 1305 343
1370 395 642 372
786 397 62 398
1142 398 413 384
1760 402 1038 362
1782 403 1061 363
1693 406 969 369
1276 408 546 389
1260 409 529 390
2002 413 1288 363
1647 416 920 381
1886 422 1167 377
1186 422 453 407
1443 425 712 398
2006 426 1291 375
1439 426 708 400
934 428 204 423
1145 431 412 417
1912 432 1193 385
2025 432 1311 381
1238 434 504 416
1767 437 1042 396
1499 440 768 411
1629 440 898 406
818 441 88 439
1498 443 766 415
1581 444 850 412
1574 444 842 413
1359 445 625 422
1406 446 672 421
764 449 35 450
910 459 176 454
771 464 40 464
1458 465 723 438
1458 465 723 438
1274 465 536 446
968 466 231 459
1751 468 1022 429
1751 468 1022 429
1895 469 1172 423
1710 470 978 433
1565 473 831 441
1092 480 353 467
778 482 43 481
1430 483 693 457
1430 483 693 457
2361 485 1662 421
1819 487 1090 445
2315 488 1612 426
1035 489 296 478
1475 490 738 462
1475 490 738 462
1035 493 295 482
1602 496 866 463
2305 498 1600 436
1994 500 1271 451
1932 501 1207 454
2000 504 1277 455
2308 508 1602 446
2308 508 1602 446
1415 508 675 483
1415 508 675 483
1483 510 744 482
2388 511 1687 447
1216 511 474 494
1046 515 303 504
767 516 29 515
1295 520 553 500
853 529 112 525
2321 530 1615 468
1068 569 321 556
845 656 90 650
542 884 28 889
561 906 45 910
541 932 24 936
556 1037 31 1039
569 1043 44 1044
590 1049 64 1050
562 1110 33 1110
704 1150 140 1145
701 1175 136 1171
576 1189 41 1188
552 1193 17 1193
769 1218 199 1211
698 1255 127 1250
554 1269 14 1267
779 1287 205 1279
636 1297 64 1292
636 1297 64 1292
1821 1306 1283 1277
1659 1334 1114 1308
741 1413 159 1404
1306 1488 748 1469
657 1561 66 1552
623 1603 30 1594
692 1677 92 1666
744 1709 142 1697
1210 32 750 20
1274 34 814 19
1444 37 984 15
1261 44 800 30
1191 46 729 36
1186 50 724 40
1256 62 793 49
1262 63 800 49
1275 76 811 62
471 80 12 99
534 84 74 100
1198 92 734 81
1235 92 770 80
1261 106 795 92
1272 106 806 91
887 109 396 111
887 109 396 111
1317 111 851 95
1312 115 845 98
1248 125 781 112
1248 125 781 112
1232 137 764 125
1301 151 832 135
1723 200 1257 166
698 202 227 211
555 207 86 222
1427 217 953 196
1454 223 980 201
863 232 363 234
1477 236 1003 213
693 248 219 257
693 248 219 257
1759 249 1291 213
788 258 288 263
589 265 115 278
2393 282 1947 221
547 308 71 321
846 356 338 357
1585 360 864 328
1682 365 962 328
1495 369 772 341
1657 371 935 335
1723 370 1004 332
1566 373 843 341
1497 375 773 347
1497 375 773 347
1631 375 909 341
1631 375 909 341
1876 375 1160 330
1918 381 1204 334
1918 381 1204 334
1918 381 1204 334
1768 384 1048 344
1768 384 1048 344
1525 384 799 354
1552 385 827 354
1552 385 827 354
1500 390 774 361
1493 391 767 363
2150 391 1447 335
1393 392 666 368
1441 396 713 370
1071 399 343 388
1687 399 964 362
1853 400 1135 356
1697 402 973 365
1725 402 1003 363
1934 402 1219 354
1321 403 591 382
1755 402 1034 362
1804 402 1085 360
1592 403 866 370
1716 404 993 366
841 404 115 402
900 404 174 400
1511 404 783 375
1860 405 1141 361
1860 405 1141 361
1158 405 427 391
1289 407 559 387
1917 408 1200 361
1591 408 865 376
2101 409 1393 355
1211 411 480 394
1616 411 889 378
1616 411 889 378
1112 415 381 402
2027 415 1314 364
1154 418 422 403
1250 423 517 404
1504 425 773 396
1273 426 541 407
1200 427 467 410
958 429 227 422
1187 429 455 413
1187 429 455 413
1827 431 1104 388
2305 431 1608 368
1191 432 458 416
1115 436 381 423
1115 436 381 423
1266 437 532 418
2202 437 1497 379
775 438 46 438
1361 438 627 416
1132 440 398 426
1262 441 528 422
738 442 10 443
1140 443 406 429
798 446 68 445
768 447 39 447
1725 448 997 409
1725 448 997 409
1391 449 656 425
1371 450 636 427
1451 451 717 424
2215 453 1509 394
1558 456 825 425
1062 460 326 449
1189 459 453 444
971 464 236 456
1051 467 314 456
1242 471 504 453
1242 471 504 453
1219 471 481 454
1919 471 1196 425
1961 472 1240 424
1539 473 805 442
1988 477 1268 428
1342 479 604 457
1450 479 713 453
2133 482 1418 427
766 489 31 488
1824 489 1095 447
1824 489 1095 447
1729 495 996 456
2153 512 1436 457
2176 515 1461 458
1301 524 559 503
1249 534 506 515
1007 546 261 536
1040 552 293 541
837 556 93 552
905 557 159 550
1080 566 334 553
2479 611 1774 546
843 627 91 622
841 660 86 654
780 663 25 660
778 692 21 688
526 903 11 909
531 905 15 910
531 905 15 910
566 971 45 974
554 1033 30 1035
570 1039 46 1040
561 1053 36 1055
583 1093 55 1094
682 1143 120 1139
766 1175 199 1169
721 1177 155 1172
763 1179 196 1173
763 1179 196 1173
554 1198 19 1198
807 1204 238 1196
804 1206 235 1199
549 1246 11 1245
796 1252 223 1244
561 1262 21 1260
567 1264 26 1262
561 1266 20 1265
779 1278 205 1270
1740 1338 1197 1310
558 1347 12 1344
700 1359 122 1352
618 1430 37 1424
688 1528 98 1519
633 1591 41 1582
633 1591 41 1582
650 1658 53 1649
651 1672 53 1662
651 1672 53 1662
651 1672 53 1662
1217 33 756 21
1244 48 782 35
1232 52 770 39
656 54 196 67
893 79 405 81
1242 80 778 67
1253 80 789 67
1286 90 821 75
477 91 17 110
1225 102 759 89
1277 109 811 94
1224 131 757 119
1425 132 957 111
637 154 171 166
795 164 301 170
1645 170 1179 139
691 278 215 287
2388 279 1942 218
857 283 354 285
857 283 354 285
1484 349 764 321
1487 354 766 326
1924 359 1214 312
1665 362 945 326
1709 368 989 330
1732 370 1012 331
1602 373 879 340
1542 378 818 348
1672 380 950 343
1230 382 502 365
1802 382 1084 340
1852 389 1135 345
1342 393 614 371
1576 400 850 368
1358 400 629 378
1611 402 885 369
1874 403 1157 358
2104 404 1398 349
1448 405 720 378
2022 407 1310 355
1254 408 523 390
2533 408 2061 343
1608 415 880 381
1072 416 341 405
751 419 25 420
1543 422 814 391
1566 422 837 391
754 425 28 426
1032 429 300 419
2180 430 1475 372
1119 431 385 418
1791 432 1067 391
2299 432 1601 369
1502 432 771 403
818 433 88 432
1074 434 341 422
802 439 72 438
882 444 151 440
2242 444 1538 384
1485 447 752 419
1310 451 574 430
1848 461 1122 417
1244 483 504 465
768 483 35 482
770 494 35 493
1041 494 301 484
1630 499 895 465
761 506 25 506
2464 510 1771 442
1100 523 356 510
1222 532 478 515
1061 538 315 526
1079 561 332 549
927 582 179 574
894 601 144 594
783 615 34 612
794 616 44 613
883 624 130 618
830 697 71 691
537 904 21 909
591 1028 66 1030
594 1044 68 1045
758 1175 191 1170
570 1188 35 1187
696 1480 109 1472
1383 42 923 22
609 152 145 165
2464 223 2003 158
1506 369 783 340
1729 376 1009 337
1721 377 1002 339
1892 384 1177 338
2116 386 1411 331
1441 391 713 365
1277 394 548 375
1380 394 652 371
1623 395 898 361
1807 398 1087 355
1993 403 1279 353
1580 405 854 373
2066 405 1357 352
1640 414 913 379
1518 421 788 391
829 421 101 419
1104 425 371 413
1853 426 1132 383
2139 430 1432 374
1183 433 450 416
787 435 59 435
1563 443 831 413
1396 446 662 422
2261 448 1559 387
2236 450 1531 391
1112 458 375 445
1112 458 375 445
1056 458 319 448
1312 460 575 439
2316 464 1616 402
782 474 49 473
2327 475 1627 412
1583 478 848 446
762 482 28 482
1755 482 1024 443
2298 483 1594 421
772 488 38 488
1828 494 1100 452
1463 497 725 470
1066 511 323 500
879 536 137 531
2322 558 1612 497
1000 574 252 564
853 655 97 648
532 900 16 905
566 1034 41 1035
979 1186 438 1175
556 1256 18 1254
670 1542 79 1533
1269 41 808 27
1248 57 786 44
1248 57 786 44
1230 87 766 74
670 210 198 220
605 262 132 274
639 263 165 274
1483 363 760 334
1754 367 1036 327
1754 367 1036 327
1771 371 1053 331
1188 384 460 368
2040 384 1332 332
1410 390 683 365
1785 389 1065 348
1296 395 566 375
1332 396 603 375
2042 395 1332 343
1033 397 306 387
1515 399 788 370
1220 399 491 382
2129 400 1425 345
1156 416 424 402
1047 422 315 412
1243 425 511 407
925 427 195 422
1682 431 954 394
1081 436 348 424
1968 435 1250 387
1119 443 384 430
1119 443 384 430
1141 447 406 433
1179 451 443 435
2280 453 1578 392
1462 459 727 432
1703 489 969 452
890 502 151 496
784 511 46 509
1242 528 499 509
795 534 55 531
2561 543 1870 473
577 1034 52 1036
571 1066 44 1068
579 1072 51 1073
1764 398 1043 358
1389 400 661 376
1631 399 907 364
1660 402 935 366
1527 405 799 375
1846 405 1127 361
1509 408 781 379
1509 408 781 379
1037 409 307 399
1847 417 1127 373
1232 423 499 406
1232 423 499 406
2202 428 1498 370
1173 437 440 422
1208 441 474 425
1761 443 1035 403
1187 445 452 429
1043 457 308 447
2359 467 1662 403
1327 469 590 448
758 481 24 481
1483 503 744 475
1223 530 480 511
2012 1458 1472 1426
1311 379 586 358
1398 379 671 356
1542 384 817 353
2034 394 1323 342
2105 394 1399 340
2529 401 2059 335
1483 406 755 378
2194 405 1491 346
1301 407 571 387
1798 408 1078 366
2115 411 1408 356
1265 421 533 402
1542 425 812 395
1542 425 812 395
1070 430 337 419
1041 442 307 432
2288 441 1586 380
787 449 57 448
1030 454 294 444
1042 520 297 509
1266 535 526 516
1061 563 314 551
2368 710 1698 652
1453 1056 920 1034
1640 1469 1088 1445
1640 1469 1088 1445
1726 404 1004 366
1198 409 468 393
1828 417 1107 374
1708 422 983 384
1187 428 454 412
1155 443 419 428
2271 444 1569 383
2290 458 1589 397
1857 489 1130 446
1231 540 489 521
1751 376 1032 336
2253 459 1549 399
1108 486 368 473
1766 484 1035 444
1215 497 474 480
2336 568 1626 507
2327 691 1651 633
1558 1382 1011 1358
1451 415 719 388
1983 447 1264 398
1565 488 829 456
2382 1392 1867 1351
1353 420 620 398
1649 479 915 444
1375 460 640 436
1935 487 1212 440
2098 413 1388 358
1644 1367 1100 1339
1763 1371 1219 1347
993 560 247 550
