1280 21 844 84
778 24 356 107
1587 27 1147 77
828 31 403 112
1273 55 833 118
1273 55 833 118
964 56 532 131
944 67 512 143
967 70 535 145
1303 70 862 131
1292 72 851 134
1373 74 931 132
1180 78 741 145
1213 79 773 144
1173 85 734 152
793 88 366 169
1212 91 771 157
911 95 478 172
1279 103 835 165
1216 111 773 175
1454 113 1007 168
1116 118 675 187
1123 121 681 189
743 122 315 205
935 124 499 199
1161 136 718 203
782 143 350 224
1395 146 946 204
1260 148 813 211
1260 148 813 211
1290 150 843 211
945 151 506 226
945 151 506 226
1040 151 599 222
903 153 465 229
1250 155 803 218
1249 162 801 225
1397 170 946 227
1733 173 1281 216
1265 174 816 236
1386 173 935 231
1760 176 1308 219
879 177 440 253
879 177 440 253
1270 187 820 248
1299 188 848 249
892 195 452 271
1304 197 852 258
1073 205 626 274
1318 208 865 268
1394 208 940 265
1394 208 940 265
949 216 506 289
1194 218 743 282
1221 219 769 283
1340 240 884 299
1339 243 883 302
928 247 482 320
1462 251 1004 305
2007 256 1525 290
2007 256 1525 290
1729 257 1270 301
1301 258 845 318
1705 263 1246 307
1705 265 1244 310
1750 266 1290 309
1750 266 1290 309
1741 268 1281 311
1453 278 992 332
1453 278 992 332
1455 287 994 341
1452 289 991 343
1459 290 997 344
1005 296 552 366
1071 304 616 372
1695 306 1231 350
1702 306 1238 351
1515 310 1052 361
1000 313 309 393
934 319 245 401
1148 322 449 397
716 322 40 411
1225 324 522 396
1299 327 593 396
1073 329 377 406
1325 330 618 398
1185 332 483 405
980 334 287 414
980 334 287 414
1336 337 628 405
1099 338 400 414
790 338 108 425
1445 338 735 401
767 340 86 428
1335 340 626 408
1429 342 718 406
1016 344 320 423
1021 345 325 424
777 346 95 432
816 347 131 433
1337 348 628 415
1337 348 628 415
1463 353 749 416
1137 353 435 428
725 354 44 443
840 356 153 440
1037 355 339 434
1109 358 408 434
906 359 214 441
1213 359 506 431
1213 359 506 431
1184 360 479 433
1030 362 332 440
1532 362 817 422
1045 364 346 442
1533 365 817 425
1580 367 864 425
996 369 299 448
1111 371 408 446
1197 372 491 444
1223 373 515 444
1223 373 515 444
761 373 76 460
1631 375 913 431
1404 377 690 441
1323 377 611 445
1166 381 460 454
1685 381 967 435
820 382 131 466
820 382 131 466
994 383 295 461
1433 383 717 446
818 383 128 468
1289 384 577 452
838 385 148 469
1659 385 940 439
1516 386 798 446
1282 386 571 455
1288 387 576 455
1684 393 964 446
1195 393 486 465
1496 393 777 454
1249 396 537 466
1247 400 535 469
1516 400 796 460
1674 404 952 458
1319 404 604 472
1450 405 731 468
1795 408 1076 457
1848 409 1376 448
1694 409 972 462
1566 411 845 469
876 413 179 495
1279 416 564 485
1822 417 1103 465
1456 417 735 479
1238 418 524 488
798 418 105 502
1910 418 1440 455
992 418 289 497
917 419 217 500
716 419 28 506
1311 420 595 487
1385 420 666 485
989 422 285 500
1106 421 398 496
1577 422 853 479
993 423 289 501
1479 424 757 485
1137 426 427 499
1397 426 677 490
1110 426 401 500
1369 427 650 492
1743 428 1019 479
1492 429 769 490
1598 432 873 488
1598 432 873 488
1663 432 938 486
1272 433 556 501
826 433 130 517
1298 434 580 501
1802 433 1078 482
1798 434 1074 484
1312 435 594 502
1587 435 862 492
1526 435 802 495
1763 438 1038 488
1102 438 392 512
1303 439 585 506
1191 442 477 513
1191 442 477 513
1342 444 622 510
1886 444 1161 490
1460 446 736 507
1554 446 828 504
1396 447 673 511
1849 447 1123 494
1051 448 342 524
1573 449 847 506
1847 449 1121 496
1819 451 1093 499
1583 453 857 510
730 456 37 541
1590 464 861 520
1804 468 1075 516
1926 472 1198 517
1825 475 1095 523
1923 475 1194 519
1869 476 1139 522
1872 480 1142 526
1913 481 1183 526
1593 483 863 539
1612 483 882 539
1929 485 1199 529
1947 485 1217 528
2088 485 1361 523
1882 489 1150 534
1921 493 1190 537
1943 495 1211 538
1892 495 1160 541
2088 499 1358 537
2153 500 1424 536
2225 501 1498 534
2225 501 1498 534
1970 503 1238 546
1653 504 919 558
1748 505 1013 556
1595 507 862 563
1962 508 1229 551
1797 509 1062 558
1936 515 1202 558
2048 516 1315 555
2071 516 1339 555
2085 520 1353 558
2089 520 1357 559
2111 522 1378 560
2103 523 1370 561
1929 524 1193 568
1925 530 1189 574
1833 538 1095 585
1965 546 1227 588
1965 546 1227 588
2066 546 1329 585
1899 549 1160 594
2110 552 1374 589
1899 553 1160 597
2011 553 1273 594
2011 553 1273 594
1828 555 1088 603
1828 555 1088 603
2031 563 1292 603
1964 563 1224 605
2016 564 1277 605
2058 566 1319 605
1292 567 606 630
2003 570 1262 611
2120 574 1380 612
2036 580 1294 620
2094 587 1353 625
1958 589 1214 632
1911 593 1167 637
2255 603 1516 636
2164 609 1421 646
1993 613 1247 655
1995 616 1249 658
2146 616 1401 653
2146 616 1401 653
2237 618 1495 652
2114 619 1369 657
2084 624 1337 663
2074 630 1327 669
2074 630 1327 669
2093 638 1345 677
2039 643 1290 683
2099 656 1349 694
2128 657 1379 694
2191 662 1443 698
2223 668 1475 703
2122 677 1371 715
2222 690 1471 725
2222 690 1471 725
2167 710 1412 746
2163 713 1408 749
2223 717 1469 752
2243 717 1491 751
2144 718 1388 756
2144 718 1388 756
2200 720 1446 755
2171 722 1416 758
2171 725 1415 762
2287 733 1535 767
2186 746 1428 782
2290 753 1535 786
2215 754 1458 790
2197 760 1438 796
2180 765 1420 801
1090 1029 578 1084
2273 1076 1679 1108
2271 1085 1669 980
1369 1197 838 1244
943 1225 423 1279
1298 1315 762 1362
1941 1340 1405 1379
809 9 387 91
920 11 493 89
810 17 388 99
1076 19 644 91
1926 25 1488 61
851 26 427 106
1562 38 1122 89
724 40 303 125
814 48 389 129
788 49 364 131
1070 56 635 128
769 61 345 143
1466 65 1024 120
1466 65 1024 120
731 70 307 153
737 73 313 156
734 77 310 160
903 77 471 154
753 93 326 175
824 100 394 180
1251 100 808 164
767 102 340 183
909 104 476 180
790 110 361 191
1254 112 810 175
1215 113 773 178
1215 113 773 178
1212 116 769 181
965 119 528 193
965 119 528 193
931 139 494 214
1203 140 758 205
933 142 496 217
1170 145 725 211
1258 155 811 218
1730 166 1279 210
1843 171 1392 210
901 183 462 259
901 183 462 259
1323 206 870 266
1323 206 870 266
966 215 521 288
1344 243 888 301
1343 256 886 314
2006 260 1523 293
1750 269 1290 312
1750 269 1290 312
953 317 263 399
1158 324 459 399
985 326 293 407
859 330 174 415
1044 333 349 411
1335 333 628 401
1335 333 628 401
977 335 284 416
1416 335 705 400
1389 338 680 404
1305 343 597 412
1025 345 329 424
1022 348 325 427
1012 350 316 429
1012 350 316 429
1359 356 648 423
1388 357 676 422
714 357 33 446
693 358 13 447
732 359 50 447
1038 362 340 440
1208 361 501 433
1034 362 336 440
1034 362 336 440
1437 371 723 434
1120 371 416 446
1442 374 727 438
747 375 62 462
847 375 156 459
847 375 156 459
1291 375 580 444
722 376 39 464
843 379 152 463
1665 380 946 435
1631 381 912 436
920 381 225 463
1125 382 419 456
1180 381 473 454
1170 382 463 455
1009 383 309 461
1568 387 849 445
1245 390 534 460
1677 390 956 443
1024 390 322 468
928 391 231 472
928 391 231 472
1625 391 907 446
1510 392 790 452
1137 392 431 466
1648 392 928 447
900 395 204 477
1042 396 339 473
1051 397 348 474
789 400 99 485
789 400 99 485
1565 406 844 464
1322 407 607 474
1322 407 607 474
875 408 179 490
709 409 22 496
1291 410 576 478
1291 410 576 478
1669 411 947 465
1778 411 1058 460
705 411 19 499
850 412 155 495
1666 414 944 468
1730 414 1008 465
1544 414 822 473
1760 416 1038 467
1915 421 1443 458
1733 422 1010 474
766 423 75 508
1172 423 460 495
1295 426 579 494
1036 427 329 503
1036 427 329 503
1293 430 577 497
1246 431 531 500
699 432 11 518
889 435 189 516
1408 435 686 498
1098 436 388 510
746 437 54 522
1185 440 471 511
1714 440 989 492
831 441 134 524
1034 441 326 517
1553 442 828 500
1857 444 1132 490
1857 444 1132 490
1732 444 1006 495
1175 445 461 517
1602 446 876 502
1118 447 406 521
1840 447 1114 494
1321 449 601 515
1890 449 1165 494
1426 451 702 514
1648 451 921 506
1265 453 547 521
1277 455 559 522
1813 458 1085 506
2058 461 1333 500
1469 464 742 524
1668 466 939 519
1874 466 1146 512
1918 467 1191 511
1980 467 1253 509
2005 468 1279 508
2088 470 1363 508
1833 473 1103 521
2131 475 1405 511
2131 475 1405 511
2131 475 1405 511
2042 480 1314 520
2278 484 1556 516
2017 486 1288 527
2017 486 1288 527
1752 488 1020 539
1857 488 1126 535
2108 489 1380 526
1804 490 1072 538
2155 495 1428 530
1878 496 1146 541
2008 496 1277 536
1669 497 936 550
1642 502 909 556
2015 508 1283 549
1827 510 1092 558
2238 511 1510 545
2196 512 1467 547
1949 514 1214 558
2067 515 1335 554
2285 516 1559 547
2088 517 1355 556
1776 518 1040 567
2185 518 1455 553
2075 520 1342 558
1902 521 1166 565
1902 521 1166 565
1943 524 1208 568
1808 524 1071 573
1868 526 1132 572
1787 529 1050 578
1954 533 1218 576
2049 534 1314 574
2000 536 1264 577
1849 537 1111 583
2147 542 1413 579
2051 543 1314 582
2062 542 1326 582
2062 542 1326 582
2051 548 1313 587
1889 549 1149 595
2123 555 1386 592
1008 556 335 628
2064 557 1325 596
1991 566 1251 608
2123 568 1385 605
2123 568 1385 605
1975 568 1234 611
1962 575 1221 618
1962 575 1221 618
1912 580 1170 625
1926 581 1183 625
1926 581 1183 625
1955 581 1213 624
1927 585 1184 629
2180 585 1440 621
2178 588 1438 624
1920 593 1177 637
1965 598 1221 641
1989 606 1244 648
2233 605 1493 639
1966 606 1221 648
2019 611 1274 652
2059 611 1314 650
2059 611 1314 650
2036 617 1291 658
1995 622 1249 664
2141 627 1395 665
2048 632 1301 671
2048 632 1301 671
2055 637 1307 676
2078 638 1331 677
2275 640 1532 673
2120 644 1372 681
2120 644 1372 681
2074 649 1325 688
2098 649 1349 688
2098 649 1349 688
2098 649 1349 688
2128 660 1378 697
2093 668 1342 706
2100 671 1349 709
2246 713 1494 748
2183 720 1428 757
2149 728 1392 765
2151 732 1394 769
2212 735 1457 770
2214 738 1459 774
2214 738 1459 774
2159 743 1401 780
2166 757 1406 794
2168 761 1409 798
2232 770 1474 805
2301 778 1545 811
2331 849 1760 877
2331 849 1760 877
1370 1219 838 1267
677 1247 168 1305
1537 1319 997 1362
677 1343 161 1398
1280 1369 741 1415
1083 1441 544 1489
2231 1613 1641 1650
2235 1616 1644 1653
1053 15 623 87
801 16 378 98
814 19 391 101
750 20 330 104
825 23 402 105
817 30 393 111
785 30 362 113
793 49 368 131
800 49 375 130
1045 60 611 132
811 62 385 143
799 87 371 168
799 87 371 168
806 91 378 171
971 94 536 169
851 95 420 174
845 98 415 178
776 100 348 182
831 101 401 181
508 118 90 208
508 118 90 208
764 125 335 207
1175 134 731 200
1175 134 731 200
1192 136 747 201
1393 150 944 207
2041 164 1567 196
2052 164 1578 196
1257 166 808 228
953 196 511 269
980 201 536 273
980 201 536 273
1003 213 558 284
1945 269 1486 304
967 309 278 391
1036 315 344 394
1106 327 408 403
864 328 178 412
962 328 271 409
1147 328 447 403
1059 330 363 408
1069 331 373 409
1004 332 310 412
1204 334 501 407
1419 338 709 402
1124 340 423 415
813 340 129 426
909 341 219 423
909 341 219 423
843 341 157 426
962 342 269 423
973 342 279 423
1381 343 671 408
1048 344 352 421
1297 345 589 413
1309 346 601 414
2110 346 1620 376
1318 350 609 418
1035 351 338 430
1434 358 721 421
1555 361 839 420
1555 361 839 420
774 361 89 448
870 361 180 444
1200 361 494 433
794 362 109 448
780 362 95 449
964 362 269 443
767 363 83 450
767 363 83 450
1003 363 306 442
1597 363 881 420
1507 365 792 426
993 366 296 445
777 368 91 454
1402 370 688 435
866 370 175 454
1127 371 424 445
783 375 96 461
865 376 173 459
1648 375 930 430
1505 376 787 437
977 377 280 457
726 378 42 465
1497 379 780 440
941 380 245 460
1695 380 976 433
1103 384 399 458
759 389 72 475
848 389 156 472
1550 390 831 449
1656 398 935 452
1605 400 885 456
1605 400 885 456
1038 400 335 477
942 404 243 484
997 409 294 488
751 414 62 500
1768 419 1046 470
1662 421 939 475
1826 421 1105 469
1580 421 857 479
1781 422 1058 471
1298 423 582 490
1298 423 582 490
717 424 28 511
717 424 28 511
1240 424 526 494
1747 425 1023 476
1196 425 483 496
1768 427 1043 476
1268 428 553 496
1739 430 1015 480
1739 430 1015 480
1719 434 994 486
1129 437 418 510
1623 437 898 492
1853 440 1128 487
1879 441 1155 487
1638 445 912 500
1756 446 1029 497
1095 447 384 520
1095 447 384 520
1687 447 961 500
711 448 20 534
1855 448 1129 495
1738 450 1011 501
1738 450 1011 501
713 453 21 539
1858 453 1132 499
1748 455 1020 505
1745 458 1017 508
1461 458 736 520
1581 459 853 516
1827 465 1099 513
2080 468 1354 507
1677 473 947 526
1968 485 1238 528
1878 487 1147 532
2248 491 1524 524
1886 499 1153 545
1886 499 1153 545
2055 499 1325 539
2109 500 1380 537
1973 508 1240 550
1669 509 935 563
1983 510 1249 553
1645 511 911 565
2276 515 1551 546
2169 523 1438 559
1758 543 1019 592
1788 543 1050 593
1972 582 1229 624
2027 592 1284 632
1991 598 1247 640
1991 598 1247 640
1992 609 1247 651
2012 617 1266 659
2220 642 1475 677
2149 652 1401 689
2097 658 1347 696
2197 662 1449 698
2303 691 1557 723
2202 693 1451 728
2280 722 1529 755
2216 732 1460 767
2216 732 1460 767
2291 744 1537 777
2257 746 1502 780
2150 758 1390 795
659 1246 150 1303
1251 1325 715 1372
766 1393 243 1446
699 1476 173 1527
567 1485 47 1539
2208 1622 1616 1659
2217 1623 1626 1660
788 22 365 104
744 24 324 108
777 24 355 107
2141 42 1641 70
778 67 353 149
789 67 363 149
957 111 522 185
923 115 488 191
757 119 329 200
1179 139 734 204
2174 150 1666 177
2056 186 1580 218
945 326 255 408
1018 325 324 404
989 330 296 410
1012 331 318 410
1112 336 413 413
1084 340 386 417
930 343 238 425
950 343 257 425
1282 348 574 417
1391 348 680 414
791 349 107 436
1084 350 385 426
914 350 222 433
1157 358 453 431
1054 361 354 439
1476 362 761 424
750 363 66 450
975 369 279 449
873 371 181 454
873 371 181 454
1475 372 759 434
1174 375 468 447
720 378 36 466
720 378 36 466
1260 380 550 450
766 386 79 472
885 386 191 468
837 391 146 474
826 408 132 491
697 410 10 498
697 410 10 498
1689 412 967 465
1122 417 413 491
752 419 61 505
724 424 35 510
1754 426 1031 477
840 430 144 512
737 438 46 524
1746 444 1020 494
1746 444 1020 494
1804 459 1077 508
1991 467 1264 509
1954 481 1224 524
1954 481 1224 524
1954 481 1224 524
2234 481 1510 513
2136 497 1408 533
2143 496 1414 533
2010 501 1279 542
1611 505 878 561
2132 514 1401 551
1944 523 1209 566
1828 535 1090 582
1972 555 1233 598
1913 557 1174 601
1938 560 1198 604
1908 573 1167 618
2142 594 1401 631
2080 601 1336 640
2069 637 1322 675
2085 653 1335 691
2111 660 1361 698
2213 693 1462 728
2148 721 1392 758
2203 729 1447 765
2157 750 1398 787
2157 750 1398 787
2177 752 1418 789
2195 753 1437 789
2183 753 1424 790
2246 754 1490 789
2255 767 1498 802
579 1241 74 1300
1195 1327 661 1374
1309 1335 773 1381
1620 1362 1078 1404
1620 1362 1078 1404
923 22 495 100
782 35 360 118
772 68 347 151
2166 149 1656 177
2003 158 1527 191
2259 210 1747 234
2322 212 1811 235
2322 212 1811 235
457 250 32 339
967 319 276 401
2288 325 1765 351
2279 327 1756 352
1086 328 389 405
1411 331 701 396
969 334 276 415
1009 337 315 416
1177 338 475 411
1002 339 307 418
2061 343 1572 375
1320 344 612 413
945 349 252 430
934 350 241 432
1279 353 570 423
1357 352 646 419
850 355 162 440
1368 356 656 423
713 365 31 453
1455 367 740 430
1481 371 766 432
854 373 163 456
913 379 219 461
1713 384 994 436
753 388 66 475
1559 387 841 446
1531 391 812 450
788 391 99 476
2025 400 1529 434
2025 400 1529 434
1627 412 905 468
1011 413 307 491
1724 417 1002 468
1594 421 871 478
1594 421 871 478
1700 421 976 474
1024 443 317 520
1917 460 1190 504
2019 463 1295 503
725 470 32 555
2043 483 1315 523
1612 497 880 553
2142 513 1412 549
1963 524 1227 567
2027 553 1288 594
1977 562 1237 604
1927 570 1186 614
2060 575 1320 614
2474 582 1933 602
2494 583 1954 603
2537 585 1999 604
2296 633 1556 665
2270 676 1523 709
2270 676 1523 709
2220 704 1468 740
2220 704 1468 740
2281 745 1528 778
2213 765 1454 800
2497 921 1927 946
1563 1311 1024 1354
1286 1362 747 1408
1579 1454 1030 1496
2232 1637 1639 1674
180 1673 1685 1402
802 19 379 101
808 27 385 109
786 44 362 126
2353 51 1858 71
975 320 284 402
1036 327 342 406
1036 327 342 406
1053 331 359 408
746 331 67 419
1332 332 625 399
760 334 80 422
1332 343 623 411
1065 348 367 425
1521 356 806 416
977 356 282 436
977 356 282 436
1586 364 870 422
788 370 101 456
1200 369 493 441
1250 387 540 457
1045 387 343 464
736 394 49 481
776 396 87 482
727 432 37 518
1823 434 1100 482
2360 451 1858 71
2057 483 1329 522
1870 485 1139 531
2397 515 1859 538
2282 523 1555 555
1079 552 401 623
696 569 31 650
2016 593 1273 634
2005 618 1258 659
2252 709 1500 743
2252 709 1500 743
2231 736 1476 771
485 107 69 197
490 128 71 219
769 328 89 416
1110 349 410 425
1558 354 844 412
907 364 215 446
1127 373 424 448
781 379 94 466
781 379 94 466
1687 384 967 437
776 396 87 482
1626 396 906 451
1035 403 331 480
1013 432 307 509
1306 453 585 520
1870 473 1140 519
2058 533 1322 572
1394 567 699 628
2262 746 1507 780
2522 852 1958 875
2339 216 1827 238
846 323 161 408
1399 340 689 405
1289 345 581 414
1491 346 778 407
817 353 131 438
858 363 168 448
1078 366 377 443
755 378 69 464
1586 380 868 437
812 395 122 479
1540 398 820 457
1662 403 941 457
1753 423 1030 473
697 582 36 663
1698 652 1001 701
1768 692 1077 739
1088 1445 548 1492
1088 1445 548 1492
983 384 284 463
1569 383 850 440
1589 397 869 454
1812 420 1092 468
2062 509 1330 548
2246 534 1516 567
1174 554 491 621
1689 1324 1151 1365
752 1391 449 1449
2034 226 1555 259
2034 226 1555 259
1077 371 375 448
1693 418 970 471
1404 580 712 640
1601 612 900 665
2463 84 1970 99
1610 378 891 434
750 405 62 490
1739 427 1016 476
565 1357 388 1420
1105 1414 567 1459
2362 1679 1705 1703
