1594 82 812 6
1637 100 852 27
1618 113 830 39
1616 119 827 44
1606 119 818 44
1656 120 868 48
1656 120 868 48
1605 122 816 47
1607 134 816 59
1607 134 816 59
1676 135 885 64
1679 142 886 71
1297 191 523 98
1704 198 901 128
1683 200 880 128
1668 215 862 143
1668 215 862 143
1703 222 896 152
1646 240 835 166
1607 245 795 169
1681 248 869 176
1660 248 848 176
1660 248 848 176
1686 251 873 180
996 276 207 164
1604 276 787 200
1604 276 787 200
1607 280 789 203
1708 282 891 211
1062 291 270 183
1604 291 784 214
1689 293 869 222
1709 295 889 224
1604 301 782 224
1628 302 807 226
1703 311 879 240
1602 319 776 242
1705 327 879 256
1688 360 856 287
1640 395 801 319
1640 395 801 319
1643 397 803 322
1643 403 803 327
1686 403 846 330
1687 416 845 343
1639 426 795 350
1699 430 854 358
1709 431 864 360
2116 475 1030 415
1860 477 773 403
2152 477 1066 420
2252 486 1166 434
1930 488 840 418
1887 495 795 422
2009 503 916 436
2084 506 990 445
2084 506 990 445
1906 519 808 447
1926 519 828 448
2069 533 968 470
2165 539 1065 482
2147 555 1043 496
1835 556 730 479
1959 562 852 492
2167 568 1060 510
2190 569 1083 513
1944 570 834 499
1912 573 802 500
1947 573 837 502
2047 584 935 520
1941 589 827 518
2098 597 983 535
1850 603 734 526
2161 608 1046 549
1898 616 778 542
2139 617 1021 557
2164 618 1047 560
2168 630 1049 571
1924 630 800 558
1967 633 843 563
1167 667 311 562
2060 674 929 608
2043 679 910 612
1938 690 802 617
1854 697 717 619
1921 716 779 642
1912 721 770 646
1940 730 795 656
1993 737 847 667
1936 756 786 682
1914 767 761 691
1918 767 765 692
1470 791 589 703
1316 807 435 709
1480 829 594 740
1398 840 511 746
1104 846 220 735
1474 853 583 763
1298 859 409 758
1520 871 626 784
1295 890 401 789
1422 902 524 808
1524 908 624 820
1553 908 653 822
1505 911 605 822
1153 919 257 809
1277 920 378 817
1277 920 378 817
1279 923 379 821
1262 924 363 821
1397 925 496 830
1631 951 695 868
1631 951 695 868
1637 969 698 886
1526 971 616 883
1509 974 599 884
1637 975 697 892
1426 976 517 882
1487 976 576 885
1030 978 127 860
1495 982 583 891
1104 983 198 869
1453 983 542 891
1372 985 462 888
1513 985 602 896
1615 987 673 902
1633 989 690 905
1654 989 711 907
1297 992 386 890
1658 1002 713 920
1646 1010 699 927
1652 1014 704 931
1345 1048 425 948
1324 1051 404 949
1372 1051 451 952
1427 1058 505 962
1427 1058 505 962
1623 1058 669 972
1373 1060 451 961
1474 1063 550 970
1546 1087 616 998
1461 1134 526 1040
1466 1138 530 1043
1689 1143 720 1060
1689 1143 720 1060
1520 1154 582 1062
1709 1161 736 1079
1522 1194 576 1102
1655 1197 678 1112
1664 1197 686 1112
1380 1199 437 1099
1380 1199 437 1099
1386 1206 442 1106
1176 1215 234 1102
1146 1224 203 1109
1148 1237 203 1122
1712 1239 727 1156
1727 1258 740 1176
1691 1268 701 1183
1304 1277 350 1170
1510 1284 551 1189
1370 1290 413 1187
1214 1291 259 1179
1669 1296 675 1209
1698 1322 700 1237
1665 1324 667 1237
1662 1332 663 1245
1266 1353 301 1243
1094 1356 131 1235
1516 1360 545 1264
1675 1366 671 1279
1203 1366 238 1252
1367 1367 398 1262
1437 1379 465 1279
1428 1424 449 1322
1012 1434 38 1308
1306 1436 327 1327
1791 1438 774 1357
1504 1445 520 1347
1353 1461 369 1354
1645 1465 625 1374
1216 1519 227 1403
1154 1526 164 1406
1154 1526 164 1406
1094 1526 105 1403
1155 1529 165 1409
1737 1551 702 1464
1446 1591 441 1488
1672 1602 630 1511
1176 1603 175 1484
1176 1603 175 1484
1041 1612 40 1485
1492 1612 484 1511
1500 1613 491 1512
1199 1616 195 1498
1515 1629 503 1529
1697 1672 644 1581
1688 1686 632 1594
1979 68 1229 17
1667 84 884 13
1635 87 852 14
1630 96 845 23
1656 97 871 25
1656 97 871 25
1626 132 835 58
1604 142 811 66
1604 142 811 66
1210 173 438 75
1360 173 589 84
1749 185 975 119
1649 198 846 125
1683 220 876 149
1134 232 352 129
1126 236 343 133
1688 247 875 176
1687 275 871 203
1647 290 827 215
1657 290 837 216
1372 298 579 209
1619 298 798 222
1655 305 832 232
1660 306 837 233
1608 343 779 266
1701 368 868 297
1311 400 499 306
1602 406 762 328
1544 419 727 339
2327 424 1256 377
1726 425 883 354
1610 427 766 350
1690 433 845 359
1701 433 855 361
1707 434 862 362
1715 435 870 363
1687 447 839 373
2338 455 1260 409
2039 462 957 399
2211 464 1129 410
2091 465 1008 404
2050 477 963 413
2316 477 1234 429
2232 484 1145 431
2030 488 941 423
1920 503 826 432
1946 507 851 437
1884 515 788 442
2397 523 1305 479
1866 529 766 455
2065 534 964 471
2140 540 1038 481
1922 541 819 470
2171 544 1070 487
2139 548 1035 489
1884 556 778 482
1949 562 841 492
2121 563 1014 503
2177 582 1067 525
2183 588 1072 531
1935 592 821 521
1896 601 779 527
1896 601 779 527
2178 608 1063 550
2096 610 980 547
1940 612 821 540
1916 620 796 547
2171 621 1053 563
2045 627 924 562
2165 631 1045 572
2040 636 916 570
1994 649 868 580
1979 662 849 592
1979 662 849 592
1959 681 825 610
1978 701 840 630
1434 708 569 618
2001 712 861 642
1853 714 713 636
1964 714 822 642
1894 715 753 639
1972 723 829 652
1972 723 829 652
1989 726 845 656
1898 741 751 665
1894 741 747 665
1914 745 766 670
1997 749 848 679
1243 756 371 654
1844 760 694 680
1995 763 843 692
1038 772 166 658
1248 773 374 672
1019 779 147 663
1019 779 147 663
1290 780 415 680
901 786 29 664
1300 835 414 735
1505 839 616 751
1109 844 225 733
1280 847 393 746
1096 866 209 754
1322 886 428 787
1616 889 691 805
1284 915 386 813
1360 921 459 824
1360 921 459 824
1442 926 540 834
1321 940 418 840
1313 947 409 847
1172 956 269 847
1639 963 701 881
1453 977 542 884
1144 977 238 866
1172 979 265 870
1615 981 674 896
1074 982 169 867
1074 982 169 867
1388 984 479 887
1430 984 520 889
1360 984 451 885
1434 984 524 890
1496 984 585 894
1503 985 591 895
1473 986 562 894
1179 989 270 880
1378 990 467 893
1382 992 470 895
1406 993 494 897
1361 994 450 896
1547 1000 631 912
1504 1018 588 927
1352 1045 432 945
935 1049 21 924
1021 1049 105 930
944 1054 30 930
1445 1056 523 961
1415 1056 493 960
1370 1057 449 958
1015 1080 95 960
1412 1130 479 1032
1390 1131 458 1031
1333 1131 401 1029
949 1132 22 1008
1081 1133 152 1015
1406 1133 473 1035
1112 1134 182 1018
1112 1134 182 1018
1426 1135 492 1038
1293 1136 361 1031
1659 1171 685 1086
1707 1189 730 1106
1450 1195 506 1099
1391 1196 447 1096
1520 1197 574 1105
1401 1199 458 1100
1472 1203 527 1107
1508 1203 562 1110
1000 1204 62 1081
1376 1206 432 1104
1399 1206 454 1107
1336 1208 393 1105
1336 1208 393 1105
1179 1209 238 1097
1392 1209 447 1109
1470 1210 523 1114
1282 1211 338 1104
1146 1220 204 1105
1691 1222 710 1138
1691 1222 710 1138
1687 1234 704 1150
1681 1260 694 1175
1689 1260 701 1175
1369 1277 414 1174
1514 1277 556 1183
1514 1277 556 1183
1259 1278 305 1169
1721 1279 729 1196
1302 1283 348 1176
1456 1283 499 1185
1360 1285 404 1181
1339 1288 383 1183
1358 1288 401 1185
1390 1288 433 1186
1763 1298 769 1218
1364 1300 406 1196
1692 1321 694 1236
1719 1321 721 1237
1674 1332 674 1246
1361 1335 397 1231
1674 1336 674 1249
1383 1354 415 1251
1293 1356 327 1247
1293 1356 327 1247
1189 1356 224 1242
1236 1357 271 1245
1489 1359 519 1262
1414 1362 445 1260
1502 1362 531 1266
1465 1366 494 1267
1387 1366 417 1263
1148 1370 183 1253
1284 1429 308 1319
1459 1433 477 1333
1266 1435 289 1324
1568 1436 584 1343
1141 1437 166 1319
1357 1437 377 1331
1764 1440 747 1357
1764 1440 747 1357
1318 1441 339 1332
1201 1442 224 1326
1300 1448 320 1338
1156 1448 178 1330
1350 1448 368 1342
1352 1513 361 1405
1280 1515 289 1403
1034 1518 48 1392
1045 1518 58 1392
1274 1524 282 1411
1464 1524 470 1423
1097 1524 109 1402
1380 1530 385 1423
1650 1539 617 1448
1734 1540 701 1454
1702 1580 663 1491
1739 1583 699 1497
1383 1599 378 1492
1198 1601 197 1483
1334 1603 330 1493
1121 1608 121 1485
1493 1609 485 1508
1439 1612 431 1508
1565 1612 556 1516
1470 1613 462 1511
1095 1613 94 1490
1353 1616 345 1507
1697 1633 649 1543
1055 1683 43 1555
1313 1684 297 1571
1509 1688 488 1587
1089 1693 76 1567
1441 1700 420 1594
1963 83 1210 32
1626 86 844 13
1692 88 909 18
1654 124 864 51
1677 139 884 68
2027 173 1258 124
1241 176 471 80
1183 182 410 83
1384 191 611 104
1669 211 864 139
1668 281 850 208
1060 284 269 176
1005 287 214 176
1005 287 214 176
1100 288 308 182
1001 288 210 177
1058 289 266 181
1014 289 222 178
1165 290 373 188
1165 290 373 188
1097 292 305 186
1686 304 863 232
1136 304 342 202
1167 322 369 220
1699 324 873 252
1616 335 788 258
2544 429 1477 395
1691 429 846 356
1267 433 450 336
2485 433 1415 396
1303 435 485 340
867 447 51 326
2261 450 1183 400
1364 459 542 367
2153 463 1070 406
1934 464 850 394
2577 464 1502 432
2331 470 1250 423
2354 472 1273 426
2099 476 1014 415
1218 476 393 376
1136 479 311 374
2272 479 1187 429
2272 479 1187 429
2120 480 1033 421
2244 481 1158 429
2149 483 1061 425
2206 485 1119 431
2230 496 1140 443
967 502 140 387
1877 504 783 430
1877 504 783 430
1937 505 843 435
1958 511 863 442
2107 512 1012 451
1910 514 813 442
1097 515 267 408
1935 516 838 446
2158 517 1062 460
2158 517 1062 460
1896 518 798 446
2312 520 1219 471
2312 520 1219 471
2149 525 1051 467
2149 525 1051 467
1121 526 289 419
1903 529 803 457
2032 531 932 466
2169 535 1069 478
1846 536 745 461
1938 558 831 487
1883 568 775 494
2401 568 1301 524
1930 571 820 500
1480 580 635 494
2105 584 993 522
2087 587 974 524
1862 591 748 515
1431 593 585 503
1436 594 590 506
2121 611 1003 549
1844 613 726 536
2143 618 1024 559
2152 618 1035 559
1960 627 837 556
1864 634 741 558
1095 640 243 531
1062 651 210 540
1527 653 669 569
1868 656 740 579
1509 656 651 571
1119 671 262 564
1109 679 252 570
1885 681 750 605
1885 681 750 605
1311 717 444 620
1882 717 741 641
1219 727 352 624
1986 731 841 660
1884 738 737 661
1331 745 459 649
1882 754 732 677
1170 756 299 649
1930 766 778 692
1402 771 526 678
1110 780 237 670
1110 780 237 670
1220 782 344 679
1243 784 366 681
1165 795 288 687
1307 819 424 720
1473 820 588 731
901 831 23 707
1104 838 220 727
1142 838 258 730
1035 841 152 726
1295 841 408 741
1151 847 265 738
1071 847 187 734
1306 851 418 752
1296 853 407 753
1484 854 594 765
1096 898 203 786
1295 905 399 804
1279 911 381 809
1545 912 644 825
1525 912 625 824
1195 914 299 806
956 917 62 796
1224 917 326 812
1224 917 326 812
1524 919 622 832
1258 920 359 816
1273 920 374 817
1398 921 498 826
1496 921 594 831
1496 921 594 831
1500 922 598 833
1519 923 617 835
1529 922 626 835
1448 927 546 834
1369 927 468 830
1369 927 468 830
1389 928 488 832
1309 931 409 831
1610 942 675 857
1036 971 132 854
915 973 13 848
1440 974 531 881
1167 976 261 866
1482 976 571 885
1376 976 467 879
1467 977 556 885
1491 981 579 890
1412 986 502 890
1183 990 274 881
1473 990 561 898
1473 990 561 898
1174 991 265 881
1174 991 265 881
1249 991 340 885
1375 997 463 899
1440 997 526 903
1526 997 612 908
1494 998 580 907
1635 999 691 915
1621 1000 677 915
1636 1008 691 924
949 1028 38 905
944 1034 32 909
1359 1045 439 946
1364 1046 444 948
1441 1048 520 954
1441 1048 520 954
1430 1049 509 953
1430 1049 509 953
1167 1052 249 941
1412 1053 490 957
1023 1059 106 939
1186 1061 267 951
1360 1062 438 962
1285 1064 363 960
1365 1064 443 965
1365 1064 443 965
1439 1069 515 974
1312 1089 386 986
1449 1118 517 1023
1023 1119 98 998
1165 1120 237 1008
1454 1122 522 1027
1184 1122 255 1011
1019 1126 92 1005
1019 1126 92 1005
1135 1126 206 1011
1430 1126 497 1029
1435 1126 502 1030
1488 1126 554 1033
1457 1126 524 1031
1019 1131 92 1010
1445 1133 511 1038
985 1134 58 1011
1273 1134 341 1028
1476 1135 541 1041
1374 1136 440 1036
1289 1136 356 1031
1318 1136 385 1033
1500 1136 564 1044
1439 1137 505 1041
1231 1195 291 1086
1386 1195 443 1095
1240 1196 299 1087
1227 1197 286 1087
1293 1198 351 1092
1513 1198 568 1106
1421 1200 477 1101
1329 1201 387 1098
1361 1206 417 1104
1303 1207 361 1101
1253 1207 311 1099
1124 1208 184 1092
1207 1209 265 1098
1571 1209 622 1119
1373 1209 429 1108
1382 1209 437 1108
1403 1209 458 1110
1186 1209 245 1097
1413 1209 467 1110
1129 1211 188 1095
1292 1211 348 1105
1428 1211 482 1114
1220 1212 278 1102
1713 1217 732 1135
1678 1223 696 1138
1753 1256 766 1175
1751 1259 763 1179
1709 1261 721 1177
1576 1270 617 1180
1513 1273 555 1179
1308 1279 354 1173
1799 1282 807 1204
1796 1284 804 1206
1512 1287 552 1193
1457 1288 498 1190
1001 1289 49 1164
1425 1289 467 1190
1283 1290 327 1183
1514 1292 554 1198
1358 1322 396 1217
1669 1327 670 1240
1366 1338 401 1235
1366 1348 400 1244
1519 1355 549 1260
1533 1360 561 1266
2075 1362 1105 1302
1347 1366 379 1260
1450 1365 480 1266
1419 1366 449 1265
1408 1366 438 1265
1408 1366 438 1265
1096 1367 132 1247
1096 1367 132 1247
1438 1368 468 1268
1402 1368 432 1266
1402 1368 432 1266
1059 1369 95 1247
1195 1369 229 1254
1701 1379 693 1293
1535 1434 552 1339
1353 1435 373 1329
1353 1435 373 1329
989 1436 15 1309
1069 1437 94 1314
1069 1437 94 1314
1518 1438 534 1342
1537 1439 553 1344
1392 1440 411 1336
1089 1441 113 1319
1549 1443 565 1348
1517 1444 533 1347
1517 1444 533 1347
986 1444 11 1317
1554 1445 568 1351
1068 1446 93 1323
1124 1447 147 1327
1420 1447 437 1345
1431 1448 447 1346
1389 1448 406 1344
1346 1449 364 1342
1367 1485 379 1379
1218 1487 233 1372
1564 1519 569 1425
1055 1522 68 1397
1647 1522 618 1430
1215 1527 224 1411
1236 1527 245 1412
1510 1529 513 1431
1510 1529 513 1431
1725 1530 693 1443
1725 1530 693 1443
1077 1533 88 1408
1689 1543 657 1453
1689 1543 657 1453
1635 1546 602 1452
1643 1545 610 1453
1292 1592 290 1480
1329 1599 325 1489
1580 1603 572 1508
1202 1604 200 1486
1282 1605 278 1492
1178 1607 176 1488
1071 1609 71 1484
1125 1611 124 1488
1128 1614 126 1492
1193 1614 190 1495
1732 1616 688 1528
1688 1621 643 1530
1501 1623 490 1522
1362 1676 346 1566
1689 1683 633 1591
1361 1684 344 1574
1283 1685 266 1571
1099 1688 86 1563
1286 1691 269 1576
1227 1693 212 1575
1402 1696 382 1588
1402 1696 382 1588
1379 1696 359 1587
1495 1697 474 1594
1255 122 493 26
1997 131 1235 80
2048 144 1284 97
1688 150 893 79
1121 163 350 61
1117 169 346 66
1996 182 1224 131
1606 240 795 164
1126 241 343 138
1013 272 224 161
1002 285 210 173
1308 284 517 191
1175 291 383 190
1407 400 594 312
2397 413 1331 371
1926 479 838 410
2246 486 1160 433
1856 488 766 414
2120 488 1032 429
2279 488 1192 438
1135 492 309 387
1158 493 331 390
1842 495 751 419
1126 499 299 393
2036 508 941 444
1967 509 872 440
2144 534 1044 475
1122 536 288 430
2209 579 1100 523
2168 585 1057 527
1423 592 577 503
1441 593 595 505
2174 596 1061 538
1075 603 230 493
2155 625 1036 565
1098 628 249 519
972 641 122 524
2053 648 927 582
1986 650 859 580
1371 653 515 560
1930 689 794 616
2019 693 883 624
1838 706 699 627
1316 721 449 624
1359 746 487 651
1846 754 696 674
1288 769 414 670
1297 769 423 670
1942 771 789 697
1151 772 277 665
1179 772 306 667
1024 781 151 665
1043 783 170 669
983 784 111 667
1283 796 403 696
1499 836 611 748
1514 844 626 757
1301 853 413 753
1287 854 398 753
1455 853 565 762
1273 855 384 753
1273 855 384 753
1235 866 345 761
1290 902 394 801
1290 902 394 801
1171 908 276 799
1447 907 548 815
1266 908 369 806
1416 912 518 818
1416 912 518 818
1263 918 364 815
1298 919 398 819
1142 920 245 810
1268 920 369 817
1282 920 383 818
1282 920 383 818
1340 921 440 822
1340 921 440 822
1355 920 454 823
1355 920 454 823
1364 922 464 825
1490 923 588 834
1490 923 588 834
1557 926 654 840
1331 955 426 855
1371 971 463 873
1088 978 182 864
1120 979 214 866
1457 979 546 886
1482 981 572 890
1169 988 260 878
1363 988 453 889
1540 994 626 905
1425 995 513 900
1435 995 522 901
1459 996 546 903
1459 996 546 903
1430 996 517 902
1430 996 517 902
1480 1049 558 956
1315 1055 395 952
1431 1055 509 959
1055 1062 136 944
1356 1064 433 965
1375 1065 452 966
1375 1065 452 966
1395 1064 472 966
1484 1064 560 971
1276 1065 354 960
1019 1067 102 947
1525 1119 591 1028
1494 1121 561 1028
1009 1123 83 1001
1009 1123 83 1001
1375 1127 443 1027
1455 1134 521 1039
1455 1134 521 1039
1253 1134 322 1027
1495 1134 560 1041
1530 1135 594 1044
1099 1150 167 1033
1099 1169 165 1052
1354 1197 412 1095
1401 1201 457 1101
1411 1200 467 1101
1061 1202 123 1082
1247 1201 306 1093
1257 1201 315 1094
1366 1203 423 1101
1261 1210 318 1102
1443 1211 497 1114
1267 1213 323 1105
1227 1215 283 1104
1164 1221 222 1108
1300 1222 355 1116
1436 1240 485 1142
1332 1275 378 1170
1177 1275 226 1161
1482 1275 525 1179
1693 1276 703 1191
1693 1276 703 1191
1431 1276 474 1177
1451 1277 495 1179
1286 1279 333 1171
1328 1280 374 1174
1328 1280 374 1174
1164 1280 212 1166
1164 1280 212 1166
1461 1284 503 1187
1453 1284 495 1186
1570 1284 609 1193
995 1289 44 1164
1010 1290 58 1166
1010 1290 58 1166
1068 1291 115 1170
1145 1292 191 1176
1362 1326 400 1222
1700 1349 697 1264
1099 1352 136 1232
1032 1356 70 1233
1082 1356 119 1235
1220 1357 255 1244
1564 1358 591 1265
1084 1362 121 1241
1094 1362 131 1241
1001 1365 38 1240
1537 1365 564 1271
1700 1390 691 1304
1441 1428 460 1327
993 1428 20 1301
1456 1429 475 1329
1370 1430 391 1325
1374 1436 394 1331
1374 1436 394 1331
1385 1436 405 1331
1393 1435 413 1331
1363 1436 383 1331
1101 1437 126 1316
1097 1442 121 1320
1571 1444 585 1350
1488 1444 504 1346
1415 1446 433 1343
1102 1446 125 1325
1223 1456 243 1342
1367 1461 383 1355
1211 1482 227 1366
1568 1510 573 1415
1073 1518 86 1395
1073 1518 86 1395
1253 1519 263 1405
1287 1519 295 1407
1106 1520 119 1397
1126 1520 138 1399
1374 1521 381 1414
1525 1524 529 1427
1516 1525 520 1427
1548 1524 551 1429
1388 1526 394 1421
1397 1527 403 1422
1311 1527 318 1417
1520 1529 523 1431
1568 1532 570 1438
1568 1532 570 1438
1575 1536 576 1442
1734 1562 698 1475
1290 1585 290 1473
1452 1598 447 1495
1350 1599 345 1490
1494 1600 488 1500
1160 1604 159 1484
1240 1604 237 1489
1166 1610 164 1490
1367 1609 362 1501
1059 1669 49 1543
1692 1671 639 1579
1121 1688 107 1564
1131 1688 117 1565
1053 1694 40 1567
1218 1701 201 1583
1651 1707 593 1612
2136 83 1383 42
2036 148 1271 100
2063 168 1295 120
1055 222 276 114
1168 228 387 128
1026 277 236 167
1052 277 262 169
1052 277 262 169
1062 278 272 170
993 284 202 172
2484 422 1417 385
2509 426 1441 391
2509 426 1441 391
2320 431 1247 384
2184 463 1102 407
1487 466 663 382
2284 466 1203 417
1268 468 444 371
1876 480 788 406
2304 486 1219 436
2304 486 1219 436
1897 490 806 417
1882 508 787 435
1882 508 787 435
1882 508 787 435
2152 516 1056 458
1841 517 745 442
1872 531 771 457
1888 535 786 462
1886 547 782 474
1868 557 762 482
1879 563 772 488
1387 583 544 492
1407 583 562 493
2144 589 1031 530
1941 593 826 521
2158 593 1045 534
1996 605 879 536
2122 635 1000 574
2122 635 1000 574
945 639 96 521
1976 677 843 606
2018 700 881 632
1086 766 215 654
1313 806 432 707
1384 838 497 744
920 840 40 718
1505 855 613 767
1292 883 399 782
956 907 64 786
956 907 64 786
1220 908 323 802
1249 908 352 804
1199 909 303 802
1275 909 379 806
1275 909 379 806
1500 912 600 823
946 914 53 793
1315 924 415 824
1315 924 415 824
1436 927 534 834
1375 937 473 840
1042 972 138 855
1066 977 161 862
1079 978 174 864
1226 980 319 873
1469 980 558 888
1364 982 454 883
1364 982 454 883
1533 981 622 893
947 983 43 860
1405 982 495 887
1444 994 532 900
1505 996 591 907
1629 1009 684 924
948 1046 35 922
1409 1047 488 950
1456 1053 534 959
1445 1054 523 959
1159 1117 231 1004
1150 1125 221 1012
964 1136 36 1012
1025 1135 97 1015
1684 1171 709 1087
1381 1193 438 1092
1438 1194 493 1097
1015 1201 77 1079
1041 1201 103 1081
1052 1202 114 1082
1124 1202 185 1086
1206 1203 265 1092
1309 1202 367 1097
1339 1202 397 1099
1223 1204 282 1094
1464 1209 517 1113
1169 1217 227 1103
1169 1217 227 1103
1437 1250 486 1152
1933 1253 979 1186
1363 1273 408 1169
1547 1273 588 1181
1093 1273 144 1155
1390 1277 434 1175
1420 1276 464 1177
1398 1278 443 1177
1038 1279 88 1157
1339 1280 384 1175
1349 1279 394 1175
1359 1279 404 1176
1564 1280 604 1189
1564 1280 604 1189
1214 1281 262 1169
1194 1281 242 1168
1262 1291 307 1182
2141 1313 1178 1258
1501 1346 532 1250
1507 1351 537 1256
1473 1354 504 1256
1357 1356 390 1251
1383 1356 415 1253
1137 1358 174 1240
1209 1359 245 1245
1076 1365 112 1244
1007 1370 43 1245
1523 1432 540 1336
1502 1433 520 1336
1430 1434 450 1332
1482 1434 500 1336
1402 1436 422 1332
1341 1437 362 1330
1341 1437 362 1330
1159 1439 183 1321
1218 1439 241 1324
1352 1442 372 1336
1367 1452 385 1346
2277 1491 1289 1442
1053 1512 67 1386
1429 1512 436 1408
1351 1517 359 1410
1531 1518 536 1421
1297 1519 306 1409
1384 1520 391 1414
1384 1520 391 1414
1574 1601 566 1505
1020 1603 21 1475
1406 1604 399 1498
1432 1604 426 1500
1432 1604 426 1500
1432 1604 426 1500
1268 1605 265 1490
1301 1604 297 1492
1301 1604 297 1492
1441 1605 434 1501
1134 1610 132 1488
1187 1618 183 1499
1717 1631 670 1542
1353 1646 341 1536
1410 1681 392 1574
1218 1687 204 1569
1197 1690 182 1570
1473 1698 452 1595
1956 79 1204 26
1993 138 1230 87
2379 173 1612 145
1121 251 336 147
1121 251 336 147
1072 279 283 173
1072 279 283 173
2542 396 1483 363
2575 402 1515 371
2405 438 1332 396
2388 439 1315 396
2442 441 1371 401
2328 442 1253 396
2239 468 1156 416
2325 473 1243 425
1882 474 795 402
2245 477 1161 425
2016 492 925 427
2104 496 1013 436
2230 500 1141 447
2269 502 1179 451
2450 509 1363 468
2262 514 1169 462
2197 515 1103 459
1220 520 388 419
2469 563 1374 523
2344 575 1242 528
1913 607 795 534
960 639 112 523
960 639 112 523
1197 643 344 540
1853 653 726 576
1483 777 605 688
1304 808 423 709
1171 826 289 718
1314 834 429 735
935 840 54 719
908 841 28 718
1091 840 208 728
1130 840 247 731
1025 842 142 726
1198 841 312 735
1256 844 369 741
1109 859 223 747
1251 882 358 778
1170 921 273 812
1178 971 273 862
1016 977 112 859
1516 981 603 892
1527 981 615 893
993 1052 78 931
1074 1052 157 936
1327 1054 407 952
1511 1126 577 1034
1178 1135 247 1024
1388 1200 445 1100
989 1202 52 1078
1165 1273 215 1159
1523 1275 564 1182
1133 1280 182 1164
1231 1323 271 1211
1140 1350 176 1233
1494 1354 524 1257
1442 1356 473 1256
2403 1366 1435 1325
1299 1375 329 1267
1424 1400 448 1298
2439 1403 1465 1365
2324 1405 1350 1360
1003 1434 29 1308
1308 1438 329 1329
1321 1438 342 1330
1359 1449 378 1342
1216 1454 236 1339
1458 1517 464 1416
1458 1517 464 1416
1446 1518 452 1416
1308 1519 316 1409
1316 1520 325 1410
1316 1520 325 1410
1359 1523 366 1416
1359 1523 366 1416
1451 1526 456 1424
1140 1587 142 1465
1515 1652 499 1552
1498 1677 479 1575
1293 1688 277 1574
2027 157 1261 108
877 279 89 160
1112 281 322 177
2454 430 1384 391
2313 471 1232 423
2536 484 1456 449
2275 496 1187 445
1125 519 294 413
2327 578 1223 530
2023 688 888 619
1220 775 345 672
1386 778 509 684
1052 842 169 728
1242 867 352 763
1170 959 266 849
1457 970 548 877
1426 1056 504 960
1426 1056 504 960
1176 1127 246 1015
1176 1127 246 1015
951 1172 19 1046
1340 1357 373 1252
1142 1389 174 1271
1142 1389 174 1271
1289 1391 317 1282
1154 1429 180 1311
1370 1494 381 1387
1348 1507 357 1399
1075 1509 89 1385
1040 1521 52 1395
1150 1564 155 1444
1440 1688 420 1582
2314 62 1566 32
2091 476 1006 415
2287 481 1203 431
1883 484 794 411
2159 486 1070 430
2478 498 1394 459
1886 522 787 449
1886 522 787 449
2151 580 1042 520
1092 761 221 650
1338 788 460 692
1270 846 383 744
1480 913 580 823
1480 913 580 823
986 980 83 860
986 980 83 860
1338 984 428 884
1338 984 428 884
1126 1052 209 938
1338 1054 417 953
1467 1057 544 964
2379 1094 1453 1056
1022 1103 98 984
1464 1130 530 1035
1464 1130 530 1035
1379 1156 443 1055
1262 1206 320 1098
1466 1279 509 1182
1065 1465 85 1341
1468 1606 461 1504
1188 1608 185 1490
1528 1687 507 1588
1528 1687 507 1588
1197 192 422 93
2258 465 1177 414
2272 478 1187 428
2272 478 1187 428
1992 499 900 432
2231 519 1137 466
2231 519 1137 466
1172 776 298 669
1054 996 146 879
1353 1053 433 953
1005 1065 88 945
1460 1113 528 1019
1523 1129 588 1038
1349 1298 391 1194
1264 1441 285 1330
1338 1452 356 1345
1249 1455 269 1342
1504 1607 496 1507
1504 1607 496 1507
1522 1673 503 1573
2313 546 1215 497
2452 550 1357 510
1352 759 478 664
1241 906 345 802
1453 984 540 891
1214 1002 302 896
1252 1004 341 898
1350 1003 438 904
1466 1077 540 984
1381 1133 448 1033
2200 608 1085 552
1448 1061 524 966
1361 1381 390 1276
1071 1541 81 1416
1208 204 432 106
1123 312 328 207
1123 312 328 207
1083 486 258 378
1025 488 199 376
1082 673 224 563
1082 673 224 563
1342 680 481 585
1008 742 142 626
1069 740 201 628
1265 811 383 710
1265 811 383 710
1351 811 469 715
1351 811 469 715
1343 878 449 780
1167 1016 255 905
1405 1019 489 923
1199 1088 274 978
1249 1090 325 983
1131 1167 195 1053
1407 1239 457 1139
1365 1396 393 1291
1306 1477 322 1367
