1534 67 981 38
1145 93 619 68
1120 97 595 72
707 182 182 159
1553 190 985 161
1075 195 540 170
1075 195 540 170
1458 200 915 172
1573 201 1004 172
1589 213 1018 183
1589 213 1018 183
1281 216 740 190
1573 218 1001 189
946 227 411 203
1578 230 1005 201
1373 230 829 203
1325 239 780 212
1325 239 780 212
1325 239 780 212
1523 261 947 232
608 270 78 247
1328 284 779 257
883 302 342 277
1244 304 693 278
1246 307 694 280
1246 307 694 280
1505 308 924 279
1290 309 738 282
1290 309 738 282
1281 311 729 284
904 313 361 289
903 316 359 291
1190 328 638 301
1190 328 638 301
991 343 442 318
991 343 442 318
1005 347 455 322
1238 351 682 324
1238 351 682 324
1560 362 972 332
552 369 13 345
1583 378 993 348
821 423 34 395
1555 424 959 395
1217 432 653 404
1217 432 653 404
979 440 182 412
964 446 167 418
924 447 129 419
1376 448 808 420
1147 448 583 421
1560 449 961 420
860 457 66 429
1345 457 775 429
1345 457 775 429
1439 461 868 432
932 462 134 434
901 463 105 435
844 464 50 436
844 464 50 436
858 464 64 436
1082 466 280 437
1252 469 683 441
845 469 49 441
1258 469 688 442
982 470 182 442
1274 475 704 447
1274 475 704 447
1382 475 810 446
1019 479 216 450
1244 479 673 451
1425 480 851 452
1425 480 851 452
1237 482 666 454
1237 482 666 454
1461 482 886 453
1452 484 878 455
998 485 195 456
938 486 137 457
1038 488 233 459
1035 489 229 460
1035 489 229 460
1068 489 262 459
938 489 136 461
862 492 63 464
1152 492 342 462
1129 495 319 465
907 500 105 471
1343 500 525 469
1595 502 989 472
828 504 29 475
1359 507 540 476
1270 516 452 486
1305 517 486 486
861 520 58 492
1183 526 366 495
1199 529 382 499
1123 530 308 500
1354 531 530 500
968 533 159 503
1431 533 605 501
1240 537 420 506
1164 539 346 509
1551 540 721 507
977 543 166 514
1435 546 606 514
988 554 175 525
1339 555 511 524
1288 556 462 525
1346 556 519 525
919 558 108 528
1378 560 549 528
1393 559 563 528
1370 561 541 529
1412 566 581 534
1504 570 670 538
1292 576 463 545
1560 580 723 547
1560 580 723 547
1532 581 696 549
1253 583 425 552
1095 585 273 555
1439 586 604 554
1307 587 475 555
1559 587 722 554
1274 591 443 560
1160 594 333 563
1518 598 679 565
1375 599 540 568
1401 603 564 571
1401 603 564 571
1393 615 554 583
1339 618 501 586
1526 621 684 588
1526 621 684 588
1337 623 499 591
1290 624 454 592
1428 624 587 592
1331 626 493 593
1248 634 412 602
1228 638 393 606
1575 640 729 607
1556 645 711 611
1421 646 577 613
1244 648 407 616
1369 657 525 624
1249 658 411 626
1374 659 530 627
1236 663 397 631
1337 663 494 631
1296 666 454 634
1327 669 483 637
1345 677 500 644
1415 680 566 647
1290 683 446 651
1481 685 630 652
1294 687 449 654
1463 692 611 659
1313 694 466 661
1379 694 529 661
1428 695 576 661
1357 703 508 670
1337 704 488 671
1564 711 709 677
1471 725 614 692
1509 730 652 696
1530 730 672 696
1429 731 572 697
1420 736 563 702
1530 740 671 707
1551 744 691 711
1548 748 688 714
1408 749 550 716
1469 752 609 718
1491 751 630 718
1491 751 630 718
1471 755 610 721
1415 762 555 728
1528 764 665 730
1545 770 681 736
1398 772 537 738
1543 772 679 739
1401 780 539 746
1395 783 533 749
1535 786 670 752
1454 787 589 753
1607 788 967 757
1403 794 540 760
1479 796 613 762
1504 797 637 763
1420 801 556 768
1966 803 1283 772
1483 807 616 772
1419 812 554 777
1593 822 950 791
1582 872 934 841
1789 874 1096 843
1600 878 950 848
1587 937 931 906
1609 938 952 907
1583 954 925 923
1676 1021 966 989
1056 1277 410 1242
1793 1337 1047 1305
1796 1339 1050 1308
330 1352 602 1338
1163 1362 508 1325
1596 1375 896 1343
1752 1423 997 1391
1345 1457 679 1422
1535 1508 219 416
1024 1516 358 1476
1142 1523 473 1484
1576 1676 845 1642
1576 1676 845 1642
1515 72 962 44
1122 89 598 64
1559 99 1002 70
1523 105 966 76
1523 105 966 76
1526 108 968 79
1516 118 957 89
1516 118 957 89
1561 196 992 167
1279 210 738 183
1522 240 948 211
1522 240 948 211
1582 243 1007 213
817 261 282 237
1525 290 945 261
1865 296 1244 264
1290 312 738 285
986 350 436 324
1592 350 1005 320
1579 351 991 321
1522 365 934 336
1578 367 989 338
1524 368 935 339
1529 385 939 356
942 442 147 414
964 443 167 415
849 445 56 418
928 447 133 419
1151 458 586 431
991 464 192 435
1008 465 207 437
1038 467 236 438
944 468 145 439
976 467 176 439
870 468 73 440
1101 471 298 442
1097 476 294 447
1465 477 891 449
1555 482 953 452
982 483 180 454
1158 490 348 461
818 499 20 471
1407 500 588 468
1333 500 515 469
1121 506 310 477
1085 506 275 477
1363 508 543 477
1063 509 253 480
1253 509 437 479
869 510 67 481
1087 510 276 481
1099 513 287 483
1099 513 287 483
1081 515 270 485
1556 516 730 483
1252 520 434 489
838 520 36 491
1365 520 543 489
1158 523 343 493
886 524 81 494
886 524 81 494
1340 525 518 494
1194 526 378 496
1380 526 556 494
1380 526 556 494
1509 530 681 498
1388 535 563 504
1072 538 257 508
1020 539 208 509
1456 541 628 509
1485 545 655 513
1226 547 404 516
1467 547 637 515
940 549 130 519
936 550 126 520
1229 551 407 520
1126 552 307 521
1349 555 522 523
1355 556 527 524
1231 560 406 529
1128 565 308 534
1529 567 695 535
1529 567 695 535
890 574 79 544
1345 575 514 544
1369 576 537 545
1264 577 436 546
1314 582 484 551
1165 583 340 552
1313 587 482 556
1313 587 482 556
1253 589 424 558
1316 592 483 560
1019 599 198 568
1203 600 374 569
1560 603 720 570
1560 603 720 570
1560 603 720 570
1385 605 548 573
1179 605 350 574
1234 611 402 579
1471 611 631 579
1222 621 390 590
1601 621 980 591
1183 625 352 594
1183 625 352 594
1500 626 657 593
1500 626 657 593
1184 629 351 597
1288 630 451 598
1372 631 532 598
1351 631 512 599
1351 631 512 599
1361 642 520 609
1178 643 344 611
1361 647 519 615
1410 648 566 616
1314 650 474 618
1603 652 979 621
1360 653 517 621
1211 654 375 622
1308 658 466 626
1256 659 417 627
1487 660 639 627
1395 665 549 632
1528 668 678 635
1301 671 458 639
1565 672 715 639
1565 672 715 639
1417 673 569 640
1532 673 682 640
1500 683 648 650
1500 683 648 650
1497 687 645 654
1397 695 546 662
1378 697 528 664
1475 703 621 670
1342 706 493 673
1425 709 572 676
1349 709 499 677
1605 714 975 684
1565 715 709 682
1432 718 577 684
1572 717 716 684
1444 731 587 697
1460 751 601 718
1515 760 653 726
1515 760 653 726
1459 774 596 740
1600 789 960 759
1600 789 960 759
1406 794 543 760
1390 795 527 761
1503 803 636 769
1541 804 674 770
1490 805 623 771
1474 805 607 771
1605 806 963 776
1461 809 594 775
1469 810 601 775
1545 811 678 777
1556 819 688 785
1594 833 949 802
1592 841 947 811
1592 944 935 913
1587 976 926 945
1746 1023 1036 991
1950 1029 1240 999
900 1118 274 1083
1820 1258 1083 1228
838 1267 200 1229
838 1267 200 1229
1556 1316 863 1283
1309 1328 653 1294
354 1355 175 1327
675 1363 35 1323
997 1362 347 1324
1028 1366 376 1328
1076 1402 420 1364
1072 1405 417 1368
1339 1408 676 1374
967 1410 313 1371
1217 1413 557 1377
1688 1417 934 1384
482 1442 51 1495
1751 1509 987 1477
2253 1518 1494 1494
1609 1576 889 1543
1579 1652 851 1618
1614 1711 880 1678
1333 53 810 26
1333 53 810 26
546 142 31 120
551 144 36 122
1578 196 1009 166
2422 197 1823 160
731 200 204 177
731 200 204 177
944 207 410 183
808 228 276 205
2412 260 1805 224
2388 275 1780 238
2388 275 1780 238
2439 321 1825 285
1567 380 977 350
894 416 104 389
1587 418 991 389
881 420 91 393
890 421 100 393
810 425 22 398
930 430 137 403
976 433 180 405
958 447 161 418
831 449 40 421
965 457 167 429
965 457 167 429
2168 468 1529 435
1006 475 203 446
1043 476 240 447
1053 478 249 449
888 482 89 454
893 490 92 461
893 490 92 461
1054 497 247 468
1142 500 331 470
912 500 109 472
1020 505 213 476
1354 507 535 476
1017 508 209 479
853 516 50 487
1524 524 697 492
1089 528 275 499
1399 532 574 501
912 534 105 505
912 534 105 505
1228 536 408 505
858 539 53 510
1240 550 417 519
1438 559 607 527
1438 559 607 527
1439 564 608 532
874 564 65 534
1153 568 330 538
874 571 65 542
1168 580 343 548
2523 588 1880 556
1156 624 326 592
1229 624 396 592
1300 629 463 597
1284 632 447 600
1284 632 447 600
1493 639 648 606
1247 640 411 608
1221 641 386 609
1316 641 477 608
1247 651 409 619
1375 655 532 622
1448 659 601 627
1317 673 473 641
1602 674 976 644
1475 677 624 644
1401 689 551 656
1347 696 498 664
1449 698 596 665
1449 698 596 665
1380 702 529 669
1372 724 520 691
1451 728 594 695
1600 739 966 709
1558 752 696 718
1529 755 667 722
1463 760 602 727
1460 767 598 733
1537 777 673 743
1502 780 638 746
1760 877 1067 846
1760 877 1067 846
1591 951 933 920
2319 1182 1600 1155
1548 1266 859 1233
1370 1329 713 1295
1168 1360 513 1323
684 1363 45 1324
1006 1388 352 1350
839 1389 192 1350
997 1403 343 1365
1931 1508 1168 1478
1761 1509 996 1477
1755 1511 990 1479
2159 1607 1389 1581
1616 1659 887 1626
1616 1659 887 1626
1626 1660 897 1627
1609 1704 875 1670
1641 70 1049 40
2111 100 1518 66
2173 128 1578 92
2264 127 1672 91
2282 128 1690 92
2282 128 1690 92
1666 177 1060 147
1674 177 1068 147
1917 184 1311 151
1580 218 1008 189
1329 224 785 197
1329 224 785 197
2363 253 1756 218
830 414 43 387
1525 428 929 399
812 434 23 407
819 444 28 416
910 448 115 420
2167 474 1528 440
2342 491 1705 457
1334 495 516 464
1308 500 491 469
880 507 77 479
1172 511 358 481
1293 518 473 487
1224 524 407 493
948 526 140 497
1414 533 589 501
1408 533 582 502
1279 542 456 511
2362 553 1718 519
840 560 33 530
1480 565 646 533
1550 566 716 533
1233 571 407 540
907 579 95 549
959 590 142 560
1201 593 374 562
1227 599 397 568
2092 606 1435 573
2092 606 1435 573
2445 607 1797 574
2413 617 1762 584
1162 624 332 592
1162 624 332 592
1401 631 559 598
1228 639 393 607
1228 639 393 607
1241 654 404 622
1236 656 398 624
1359 689 511 656
1361 698 512 666
1462 728 605 695
2442 734 1778 703
2373 738 1707 706
2369 743 1703 711
2446 751 1781 720
1563 776 699 742
1418 789 555 755
1424 790 561 756
1498 802 631 768
1498 802 631 768
1508 810 640 776
1504 815 637 781
1678 874 985 843
2305 878 1620 848
2492 881 1813 851
1687 1014 977 983
1687 1014 977 983
2577 1042 1881 1015
2576 1110 1873 1084
203 1361 249 1340
1172 1369 516 1333
887 1382 238 1344
1753 1421 998 1389
1747 1424 992 1392
1747 1424 992 1392
1704 1518 939 1486
2488 1594 1726 1573
1682 178 1076 147
1794 178 1188 147
1527 191 959 162
2311 238 1705 203
2008 303 1387 269
1890 307 1268 275
1765 351 1138 319
1756 352 1127 321
1784 353 1155 322
2294 362 1672 327
1572 375 982 345
806 416 20 389
865 416 76 389
2369 418 1742 383
994 436 198 408
841 446 49 418
812 450 21 422
1005 454 207 425
1043 462 242 433
905 468 107 439
1002 468 201 439
1295 503 478 473
1071 511 260 481
1519 520 692 488
1315 523 494 493
1553 529 725 497
2427 544 1786 511
1412 549 583 518
1209 566 384 535
840 566 33 536
1227 567 402 536
898 577 87 547
976 589 160 559
1713 602 1053 571
2452 607 1805 574
1320 614 484 582
1320 614 484 582
1241 665 402 633
1724 672 1057 641
1468 740 610 706
1468 740 610 706
1704 742 1027 711
2548 742 1888 711
1540 749 679 715
1157 774 374 741
1528 778 663 744
2553 803 1884 774
1723 805 1038 774
1723 805 1038 774
1705 953 1003 921
2555 953 1870 924
2346 1104 1637 1076
2346 1104 1637 1076
2439 1188 1722 1162
2371 1189 1653 1162
2429 1189 1712 1163
1466 1276 788 1243
712 1326 74 1287
2504 1352 1771 1329
826 1381 180 1342
747 1408 100 1368
2487 1434 1744 1411
2533 1436 1791 1414
1533 1505 821 1471
1820 144 1218 112
1820 144 1218 112
2310 356 1689 321
2384 419 1757 384
892 428 101 400
983 441 186 413
859 449 66 422
1082 470 280 441
1012 477 210 448
1338 504 519 473
1380 506 560 475
1329 522 507 491
2366 547 1723 513
1555 555 723 522
1273 634 436 602
1214 641 379 609
1075 727 292 695
1476 771 613 737
1476 771 613 737
1458 807 591 773
2373 1032 1673 1005
2373 1032 1673 1005
2324 1110 1614 1083
1046 1318 397 1281
1145 1320 494 1284
1261 1324 606 1289
1184 1336 530 1300
1093 1415 435 1378
1580 1678 849 1644
678 75 165 53
1847 293 1226 261
1766 323 1141 291
844 412 58 385
967 437 171 409
1515 545 685 513
1322 572 493 541
1020 596 200 565
1001 701 219 670
1107 746 323 713
1994 947 1295 917
2432 958 1742 929
2455 1109 1749 1082
2479 1268 1755 1243
2479 1268 1755 1243
868 437 76 409
931 441 137 413
952 467 152 439
1154 499 343 470
1170 595 343 565
877 645 95 615
999 688 214 657
1363 711 512 679
1077 739 294 706
1426 1138 692 1105
781 1308 142 1269
2499 316 1888 280
2504 345 1889 309
869 454 75 426
990 604 174 574
974 679 189 648
948 682 164 651
1088 1292 440 1256
1081 1311 431 1275
1151 1365 497 1329
861 555 53 526
900 665 118 634
1042 1381 386 1344
2385 106 1798 69
918 415 127 387
2440 107 1852 70
2519 216 1921 179
2350 272 1740 236
2492 331 1881 295
2492 331 1881 295
2218 1398 1478 1363
