-1.766603 -1.646138 -6.308269 -2.143302
-1.484917 6.369639 -5.404351 5.782633
-0.362125 6.063663 -4.317708 5.517794
-0.097311 -4.646398 -4.867780 -5.072690
0.061129 -4.167623 -4.677257 -4.598520
0.904321 2.413154 -5.219632 1.888371
1.419067 4.871776 -2.646591 4.395329
1.445583 4.889617 -2.619098 4.413881
2.543610 -5.408824 -2.307819 -5.781636
2.997460 4.114063 -3.329116 3.621114
3.147215 3.964019 -3.194256 3.477939
3.465904 3.956608 -2.882856 3.479589
3.563934 4.072368 -2.772639 3.596935
3.581893 1.669017 -2.549044 1.231671
3.886824 5.981116 -0.108984 5.576035
3.978076 5.070614 -0.089230 4.673815
4.058216 5.088992 -0.008259 4.694737
4.058032 5.062248 -0.010844 4.668302
4.450289 3.828772 -1.893018 3.384126
4.690029 3.750321 -1.661622 3.314176
4.894141 5.944956 0.891740 5.572021
4.910980 3.467774 -1.493745 3.039248
5.474759 3.746420 1.296840 3.403375
5.519261 3.720070 1.338688 3.378481
5.555604 2.195791 -1.010534 1.795866
5.652482 7.267342 1.744285 6.912300
5.757738 -4.414691 0.994227 -4.730212
5.798802 5.076501 1.719598 4.737804
5.957614 2.153206 -0.617053 1.765740
6.172185 2.083281 -0.412005 1.701906
6.207762 2.021448 -0.383577 1.641300
6.429049 3.148771 -0.027443 2.768012
6.506572 3.914195 2.102149 3.593349
6.602718 5.469681 2.320956 5.144563
6.594845 2.315573 0.031915 1.944315
6.619344 1.757387 -0.004136 1.389551
6.672406 6.027150 2.434006 5.702675
6.705877 2.884086 0.210914 2.512858
6.700575 1.855149 0.085749 1.489481
6.771674 6.028379 2.532549 5.707665
6.805338 5.831043 2.549817 5.512315
6.799169 3.373539 0.369473 3.002070
6.835097 4.425358 2.470679 4.113422
6.832211 2.947060 0.344185 2.578578
6.876869 2.894038 0.382042 2.527339
6.996836 3.312710 0.558970 2.947139
7.068809 3.295442 0.627894 2.932042
7.066965 3.037486 0.589559 2.675048
7.104220 1.537612 0.448616 1.183802
7.277012 4.402842 2.903459 4.103437
7.266701 1.609118 0.614470 1.260156
7.295272 1.972949 0.682782 1.622669
7.365384 1.458703 0.696350 1.113222
7.420176 1.636300 0.769464 1.291363
7.593258 7.141075 3.103006 6.830113
7.563678 3.067645 1.086662 2.719846
7.653869 3.032684 1.172407 2.687779
7.672293 3.077335 1.196911 2.733179
7.679748 0.812133 0.941432 0.478047
7.697953 0.874255 0.965253 0.539795
7.734768 1.140484 1.027968 0.806766
7.805893 6.177221 3.229858 5.877031
7.761016 0.750192 1.016656 0.418557
7.779046 0.714740 1.031553 0.383618
8.044142 1.594312 1.383785 1.266492
8.041637 0.724059 1.293210 0.400029
8.201800 -6.978997 2.884901 -7.250053
8.178100 0.946304 1.450820 0.624385
8.204955 0.777626 1.461126 0.457796
8.214455 0.973035 1.490120 0.651918
8.284061 -6.989423 2.967496 -7.259246
8.253547 1.772947 1.612845 1.450167
8.278337 1.106449 1.568055 0.786737
8.410353 -6.900852 3.098138 -7.168004
8.423172 -7.118770 3.092273 -7.385839
8.389917 3.207642 1.934608 2.883036
8.447342 -6.928667 3.134045 -7.196469
8.424176 2.940314 1.930511 2.618293
8.516561 3.119428 2.049618 2.798876
8.568131 0.662770 1.814923 0.352711
8.632182 0.849572 1.895834 0.540345
8.769928 2.907228 2.277068 2.594619
8.824093 2.836243 2.321372 2.525928
8.851936 2.898925 2.357918 2.588408
8.860166 0.965722 2.139330 0.661559
8.887105 0.787847 2.148025 0.486005
8.896397 0.867939 2.165960 0.565957
8.945614 1.856277 2.322916 1.552636
8.987039 0.565591 2.235219 0.266836
9.007259 1.339981 2.329981 1.039264
9.221202 5.629530 4.598746 5.375926
9.260658 -0.066178 4.126768 -0.313680
9.530152 7.092302 5.035531 6.846470
9.877541 2.915947 5.016830 2.685317
10.582446 2.321352 5.675173 2.109975
10.767276 2.313645 5.860745 2.107518
10.787902 -0.710613 5.608404 -0.922597
11.018477 -0.093583 5.895583 -0.297614
11.165556 2.298432 6.259606 2.103752
-7.414921 5.260244 -11.301285 4.508354
-7.177966 6.542930 -10.974636 5.771259
-7.130278 6.353025 -10.941773 5.587086
-6.302240 -3.535538 -10.900857 -4.110073
-5.587101 -3.575153 -10.200123 -4.134351
-5.432485 -4.436505 -10.108820 -4.983342
-5.250784 2.405633 -11.280085 1.710187
-4.491931 7.205888 -8.288208 6.508570
-4.481808 7.079562 -8.287471 6.384888
-4.362308 6.691392 -8.200274 6.006750
-4.350251 7.330854 -8.139314 6.636420
-4.269825 7.321075 -8.061573 6.629497
-4.257265 6.915375 -8.080828 6.230636
-3.951646 6.589111 -7.806666 5.918233
-3.073343 6.861379 -6.928064 6.215326
-3.051179 4.343684 -9.256405 3.665103
-2.955554 6.465595 -6.842524 5.830365
-2.896328 6.959188 -6.746600 6.318647
-4.414342 4.106262 -10.608744 3.396353
-0.593284 4.727132 -6.798547 4.113467
-0.434854 4.633827 -6.654897 4.027957
3.385671 3.911759 -2.963690 3.431867
2.914578 3.202226 -3.510194 2.714287
2.774996 3.828310 -3.577519 3.332280
0.056083 4.263600 -6.217538 3.676180
3.852153 3.665762 -2.522113 3.203229
5.213623 3.495186 -1.194834 3.075497
3.363552 3.016678 -3.087494 2.548000
4.623185 2.750176 -1.870764 2.322179
0.656675 4.214120 -5.631325 3.654667
-1.319691 3.691533 -7.628420 3.070498
-1.696402 4.350163 -7.926791 3.715453
5.702154 -3.945348 0.940226 -4.245300
6.603995 -4.014051 1.878340 -4.269656
5.905164 5.238404 1.821830 4.894760
2.158570 -4.220371 -2.597969 -4.605099
8.769355 3.305673 2.375290 2.970812
8.963665 3.135810 2.502663 2.826511
9.163418 2.625555 2.633698 2.323821
9.197421 0.449715 2.457330 0.152773
7.408172 1.377643 0.732617 1.029319
7.594758 0.619000 0.856183 0.280940
6.975499 -3.401746 1.967286 -3.699505
7.280239 -3.410020 2.275164 -3.703598
5.693364 -3.910488 0.933756 -4.251110
7.123726 3.421925 0.708082 3.058923
8.750875 2.506331 2.212045 2.197785
8.376186 1.749101 1.734467 1.435863
4.994201 3.527348 -1.404685 3.096398
5.455046 6.048389 1.459283 5.694950
3.192558 3.927277 -3.151907 3.442470
5.858000 2.199378 -0.724269 1.794337
4.624399 2.748047 -1.877668 2.312776
9.536623 5.449060 4.890880 5.208862
3.894704 6.001064 -0.107359 5.604060
