-1.278345 1.175177 -4.576157 1.223471
-1.133838 1.952907 -4.338395 1.999408
-1.116231 1.900131 -4.329934 1.947534
-1.102722 1.271727 -4.391835 1.325121
-1.077651 3.084485 -3.140742 3.109122
-1.072269 1.842949 -4.294783 1.892564
-1.071969 1.236577 -4.363238 1.291556
-1.060378 3.393327 -3.101505 3.418156
-1.047192 3.402142 -3.087401 3.427189
-1.010532 1.333182 -4.292818 1.389049
-1.010490 1.223378 -4.300605 1.280377
-0.979746 1.197016 -4.267736 1.255682
-0.962475 1.869265 -4.182604 1.923001
-0.953650 1.790132 -4.183797 1.843597
-0.931461 1.232134 -4.218760 1.292042
-0.922931 1.838471 -4.147136 1.893593
-0.922903 1.781326 -4.154944 1.837732
-0.756035 1.803231 -3.984838 1.864956
-0.756015 1.750487 -3.991066 1.812854
-0.716529 1.842778 -3.940738 1.905963
-0.659408 1.732874 -3.896240 1.798962
-0.641866 1.803191 -3.870014 1.869322
-0.602365 1.860323 -3.823550 1.927667
-0.593585 1.869112 -3.813833 1.936827
-0.518916 1.776786 -3.749254 1.847785
-0.492559 1.715252 -3.729553 1.787482
-0.457456 1.816330 -3.682925 1.889262
-0.457455 1.811935 -3.683363 1.884987
-0.453105 2.009765 -3.652944 2.081865
-0.448649 1.680087 -3.689307 1.754219
-0.440357 3.498840 -2.471789 3.548888
-0.431095 1.719634 -3.667038 1.794709
-0.405120 3.313432 -2.449739 3.365267
-0.400378 1.820715 -3.624602 1.895656
-0.391936 3.331080 -2.435209 3.383437
-0.343588 3.384028 -2.382732 3.438504
-0.326039 3.556215 -2.352692 3.611068
-0.303745 1.359367 -3.571549 1.440849
-0.299356 1.368150 -3.566619 1.449516
-0.295179 3.123717 -2.352447 3.180484
-0.290805 3.251633 -2.338972 3.308548
-0.282009 3.229573 -2.331755 3.286782
-0.268835 3.317814 -2.312661 3.375514
-0.264239 1.324228 -3.523272 1.407079
-0.260013 3.097253 -2.319039 3.155783
-0.259883 1.838280 -3.481363 1.918954
-0.259851 1.363756 -3.526213 1.446627
-0.251234 3.198690 -2.303326 3.257459
-0.233537 1.789930 -3.459625 1.871785
-0.215958 1.376930 -3.480557 1.461268
-0.216082 3.348699 -2.257474 3.408510
-0.211587 1.829486 -3.433629 1.912113
-0.207300 3.489957 -2.238579 3.549927
-0.202870 3.031110 -2.266677 3.092182
-0.189692 3.150167 -2.244898 3.211699
-0.189709 3.450220 -2.223985 3.510876
-0.185232 1.350577 -3.448195 1.436967
-0.180854 1.838276 -3.401927 1.922084
-0.167713 3.097246 -2.226515 3.159972
-0.167721 3.348696 -2.208948 3.410489
-0.163293 1.904213 -3.377942 1.988469
-0.158929 3.406074 -2.196158 3.468119
-0.154533 3.428145 -2.190195 3.490295
-0.132551 3.233973 -2.181975 3.297622
-0.132548 3.507617 -2.162321 3.570768
-0.128169 1.759162 -3.357512 1.845275
-0.128152 3.423731 -2.164082 3.487095
-0.110607 1.776742 -3.337894 1.863447
-0.097370 3.520865 -2.125902 3.585566
-0.088652 1.899818 -3.302519 1.987049
-0.084196 3.233975 -2.133507 3.299651
-0.079873 1.825090 -3.301317 1.912984
-0.075378 3.587113 -2.098302 3.653027
-0.075381 3.551780 -2.101178 3.617371
-0.070998 3.366352 -2.110942 3.432241
-0.062218 3.220742 -2.112465 3.287398
-0.062304 1.965764 -3.268787 2.053631
-0.022645 3.304574 -2.066818 3.372707
-0.009426 3.498796 -2.039238 3.567234
-0.000681 3.194283 -2.052713 3.263516
0.016681 1.412073 -3.244704 1.505180
0.021360 3.529712 -2.005991 3.599354
0.025515 1.983359 -3.177391 2.074845
0.043246 3.035534 -2.019843 3.106814
0.043070 1.908620 -3.168752 2.000663
0.043016 1.394506 -3.217672 1.488790
0.065185 -2.840180 -2.387452 -2.758208
0.082560 1.715229 -3.150670 1.809386
0.086997 2.031735 -3.108152 2.125393
0.091630 3.194301 -1.959992 3.267235
0.091335 1.675680 -3.146197 1.770741
0.130889 1.926219 -3.077988 2.021903
0.157181 1.636143 -3.083895 1.733927
0.174996 2.709474 -1.910709 2.786489
0.179196 1.957004 -3.025352 2.054487
0.223327 2.709489 -1.861986 2.788516
0.254018 2.524551 -1.844369 2.604870
0.262603 1.864702 -2.950392 1.965576
0.293725 2.938634 -1.775656 3.020433
0.293361 1.939446 -2.911669 2.041488
0.297697 1.741640 -2.930301 1.844409
0.306486 1.772408 -2.917801 1.875532
0.311311 2.951865 -1.757017 3.034439
0.337610 2.802045 -1.740889 2.885680
0.346063 1.961446 -2.855496 2.065700
0.363981 2.810870 -1.713843 2.895696
0.389979 1.965858 -2.809547 2.071873
0.403949 3.516627 -1.622343 3.602772
0.429493 1.939492 -2.772231 2.047140
0.469055 2.031847 -2.722906 2.141045
0.478359 3.000446 -1.585236 3.089985
0.491537 2.987229 -1.573019 3.077297
0.521737 1.983500 -2.675512 2.094883
0.543485 1.464896 -2.706319 1.577936
0.570572 2.863870 -1.501730 2.957115
0.578611 1.464909 -2.670642 1.579537
0.588345 3.119579 -1.465274 3.213745
0.596859 2.744923 -1.483019 2.839285
0.600558 1.447344 -2.649002 1.562777
0.649026 1.825286 -2.564706 1.942058
0.657891 1.979171 -2.538851 2.095973
0.657879 1.957185 -2.541023 2.074095
0.662614 2.511557 -1.433740 2.608530
0.672270 3.538929 -1.348884 3.636802
0.697223 1.592373 -2.539870 1.710728
0.701673 1.715425 -2.523753 1.834481
0.715506 2.718581 -1.364479 2.817925
0.732458 1.794558 -2.484149 1.914727
0.736969 2.001203 -2.455759 2.121429
0.749966 1.680289 -2.477811 1.801099
0.754275 1.513309 -2.487716 1.633598
0.798674 2.295978 -1.312259 2.398350
0.798202 1.535299 -2.440669 1.657236
0.806990 1.544091 -2.432545 1.667545
0.821599 3.322746 -1.213653 3.426879
0.842470 2.102429 -2.332680 2.226704
0.842341 1.913325 -2.357700 2.037647
0.842080 1.456235 -2.399785 1.580754
0.851015 1.733087 -2.369899 1.857787
0.860074 2.142031 -2.308651 2.266761
0.886317 1.979313 -2.305844 2.105476
0.895174 2.076076 -2.283635 2.202640
0.903942 2.049692 -2.278835 2.176603
0.917074 1.983733 -2.274272 2.111041
0.956558 1.904609 -2.242933 2.033589
0.965358 1.922204 -2.231818 2.051685
0.966980 3.495106 -1.053201 3.605520
1.005538 2.630751 -1.076330 2.742033
1.035654 1.917860 -2.160595 2.049935
1.041434 3.239163 -0.996559 3.352856
1.075121 1.816762 -2.132931 1.950733
1.088452 2.001459 -2.097713 2.136053
1.097729 2.507539 -0.992576 2.622055
1.101666 2.036657 -2.079940 2.171830
1.101502 1.838766 -2.103216 1.973641
1.145586 2.005907 -2.038389 2.142786
1.185132 1.997146 -1.999043 2.135726
1.202347 1.553122 -2.029973 1.691602
1.268567 1.918060 -1.923619 2.060080
1.290741 2.116021 -1.877008 2.259054
1.316904 1.904912 -1.876194 2.048929
1.321321 1.926905 -1.869184 2.071140
1.364914 1.518086 -1.867301 1.662906
1.404849 1.931387 -1.783344 2.078823
1.419504 3.032378 -0.626882 3.161594
1.492913 2.050251 -1.681125 2.201775
1.492795 1.944675 -1.691944 2.095239
1.532296 1.878745 -1.659900 2.031306
1.555796 2.953224 -0.492992 3.087971
1.563067 1.869982 -1.629433 2.023852
1.577771 2.935623 -0.471748 3.071274
1.620357 1.975613 -1.558747 2.132023
1.642513 2.107632 -1.521426 2.265536
1.673202 2.028471 -1.498739 2.187335
1.717277 2.094530 -1.446239 2.255385
1.762034 2.592142 -0.307481 2.734298
1.765434 1.914205 -1.415745 2.076451
1.783221 2.059416 -1.382397 2.223090
1.809003 1.549259 -1.412352 1.711900
1.831335 1.843908 -1.356321 2.008562
1.836051 2.081492 -1.324940 2.247466
1.859273 2.808274 -0.192372 2.955072
1.868200 2.870019 -0.179088 3.017518
1.866635 1.923134 -1.309908 2.089599
1.879817 1.909954 -1.298067 2.077009
1.885573 2.746607 -0.169659 2.894341
1.888800 2.041961 -1.275205 2.209820
1.906248 1.931986 -1.268081 2.100037
1.925501 2.896594 -0.118443 3.046619
1.924012 2.046413 -1.238080 2.215783
1.937254 2.072837 -1.221045 2.242850
1.960800 2.927539 -0.080039 3.079095
2.034109 2.086187 -1.118554 2.260233
2.057040 2.605901 -0.004080 2.760098
2.060289 1.932203 -1.109433 2.106769
2.064439 1.751839 -1.127600 1.925557
2.086218 1.571553 -1.124063 1.745287
2.095626 2.011464 -1.064807 2.187818
2.108924 2.068700 -1.043585 2.245804
2.134899 1.773928 -1.052062 1.950758
2.157135 1.927947 -1.010069 2.106352
2.170440 1.989576 -0.990175 2.168791
2.196573 1.800410 -0.985431 1.980293
2.227554 1.906053 -0.939598 2.087470
2.245352 2.020505 -0.909563 2.203101
2.267258 1.950122 -0.894359 2.133315
2.277017 2.469741 0.212008 2.632270
2.319533 1.558652 -0.883041 1.741840
2.341540 1.549885 -0.860671 1.733699
2.355118 1.805046 -0.820884 1.990953
2.359127 1.527918 -0.843195 1.712245
2.439197 2.029643 -0.709459 2.220487
2.439005 1.919598 -0.721286 2.109579
2.445195 2.778692 0.406948 2.949703
2.443323 1.866793 -0.721854 2.056612
2.465565 1.990071 -0.686879 2.181622
2.469887 1.941658 -0.687424 2.132995
2.483076 1.924075 -0.675538 2.115909
2.486899 1.550082 -0.709600 1.739603
2.500695 1.919704 -0.657790 2.112287
2.571453 2.051900 -0.570220 2.247999
2.729704 1.801264 -0.432419 2.002275
2.756585 2.025842 -0.382225 2.229756
2.760279 1.629681 -0.418000 1.830468
2.809286 1.911463 -0.339854 2.116594
2.817397 1.497771 -0.370631 1.699879
2.826972 1.933512 -0.319858 2.139663
2.945514 1.625587 -0.225628 1.833744
2.976693 1.788509 -0.177709 1.999392
3.042789 1.735804 -0.114223 1.948962
3.090926 1.502601 -0.085898 1.715455
3.117380 1.485041 -0.060226 1.698611
3.144499 1.828466 0.001147 2.046574
3.228345 1.802215 0.085896 2.023305
3.237335 1.877105 0.102745 2.099385
3.268460 1.969678 0.144067 2.194210
3.303791 1.965353 0.180556 2.191162
3.302856 1.502960 0.133889 1.723999
3.325831 1.943376 0.201320 2.169938
3.409740 1.921540 0.286557 2.151245
3.564424 1.904277 0.446799 2.140079
3.577743 1.926342 0.462670 2.162891
3.582274 1.970422 0.472192 2.207537
3.626318 1.895612 0.510632 2.133848
3.705238 1.582982 0.560899 1.820363
3.732289 1.812137 0.613687 2.053465
3.781395 1.984151 0.684738 2.229595
3.793460 1.451020 0.640648 1.690223
3.913762 1.812574 0.803730 2.061072
4.011216 1.821633 0.906446 2.073967
4.236882 1.685531 1.131151 1.944794
4.272475 1.734119 1.174228 1.995315
4.316869 1.751871 1.222979 2.015038
4.356686 1.712286 1.261891 1.976452
4.400993 1.690350 1.307142 1.955913
4.537820 1.373204 1.417128 1.639298
4.542008 1.249779 1.408958 1.513909
4.604074 1.205816 1.470467 1.471284
4.835629 1.457663 1.742363 1.736142
5.178419 2.731190 3.131822 3.013866
5.239602 1.017343 2.124836 1.302161
5.464928 1.945209 3.374944 2.227749
5.605810 1.318278 2.546524 1.621757
-3.612920 3.355563 -5.651641 3.281026
-3.586192 3.306822 -5.628999 3.233344
-3.363666 -0.269564 -5.647840 -0.292229
-3.360548 3.261790 -5.405497 3.196476
-3.341610 -0.278348 -5.627493 -0.301509
-3.337191 -0.256366 -5.621350 -0.279744
-3.334299 3.336835 -5.375690 3.273092
-3.315140 -0.273943 -5.601072 -0.296638
-3.263950 -1.778232 -5.650291 -1.779697
-3.250283 -1.544895 -5.620404 -1.549433
-3.240523 -0.841040 -5.563328 -0.853916
-3.231718 -0.858621 -5.555712 -0.870983
-3.225205 -2.223048 -5.643087 -2.218888
-3.209289 -0.282698 -5.496940 -0.301419
-3.187602 -0.845387 -5.511915 -0.856617
-3.187382 -0.568410 -5.493411 -0.582757
-3.174410 -0.884948 -5.501011 -0.895355
-3.169983 -0.867356 -5.495670 -0.877658
-3.165695 -0.986076 -5.498621 -0.994595
-3.139096 -0.845342 -5.464223 -0.855490
-3.130446 -1.012423 -5.465282 -1.019336
-3.112914 -1.104753 -5.454369 -1.110525
-3.088981 2.537070 -5.186531 2.488227
-3.064186 -0.889239 -5.393094 -0.896562
-3.002087 3.035360 -5.064051 2.985711
-2.639054 2.478723 -4.744642 2.447524
-2.630526 2.610921 -4.727838 2.577473
-2.608954 2.813692 -4.690545 2.780408
-2.590701 2.535908 -4.693597 2.506137
-2.320495 -1.481976 -4.823117 -1.458933
-2.319865 0.859507 -5.646006 0.876330
-2.316296 1.725410 -5.543514 1.731332
-2.307273 -1.464373 -4.808993 -1.441130
-2.307280 1.549496 -5.555350 1.559186
-2.289652 1.527492 -5.540937 1.537315
-2.280882 1.553863 -5.530176 1.562359
-2.254510 1.580215 -5.500609 1.590415
-2.227971 1.452687 -5.489189 1.463711
-2.211962 2.566006 -4.423459 2.551283
-2.207616 2.596841 -4.417007 2.582254
-2.175679 -1.802849 -4.701641 -1.773302
-2.166697 1.738418 -5.395822 1.749355
-2.158562 2.222400 -4.393975 2.212520
-2.149773 2.231191 -4.384671 2.221500
-1.956034 2.134080 -4.198598 2.131840
-1.908095 2.455378 -4.128600 2.453051
-1.891236 2.913635 -4.079601 2.908878
-1.857130 3.500555 -4.003047 3.493981
-1.851018 2.534570 -4.066284 2.533716
-1.850832 2.406856 -4.074914 2.406968
-1.838414 2.909134 -4.027177 2.906420
-1.825446 3.045824 -4.004333 3.042719
-1.798200 2.516875 -4.014463 2.518239
-1.792262 0.955836 -5.112782 0.989214
-1.777342 3.222225 -3.942937 3.220374
-1.568744 1.816940 -4.792387 1.848422
-1.534187 2.410850 -3.646918 2.422237
-1.521669 2.939507 -3.597713 2.947143
-1.370828 -1.511869 -3.749556 -1.467294
-1.331846 2.291792 -3.452611 2.310813
-2.377584 2.010604 -5.558498 2.015188
-1.029514 1.362327 -4.308205 1.418569
1.002871 2.595476 -1.081989 2.704749
-1.809938 0.935005 -5.129612 0.966573
-2.266925 0.715540 -5.610412 0.736487
0.359863 1.980270 -2.839541 2.087625
0.677450 2.166975 -2.491344 2.285618
-0.297841 1.858404 -3.519049 1.939076
-1.901258 0.581558 -5.239228 0.614367
-1.936841 0.642338 -5.293337 0.674782
-1.150558 1.976603 -4.350042 2.023723
0.033534 1.416579 -3.227447 1.510768
0.725390 1.774516 -2.489906 1.894061
0.095418 1.802936 -3.126281 1.896304
-2.329457 -1.389715 -4.819896 -1.405963
-0.459943 -1.947799 -2.868877 -1.879352
-2.295527 1.504099 -5.548954 1.517048
-1.525708 1.686530 -4.768728 1.721778
-2.966837 -0.697331 -5.290894 -0.700816
-2.110988 2.642317 -4.320156 2.630634
0.999043 1.912894 -2.197762 2.044106
2.832178 2.147753 -0.296363 2.356874
2.900700 2.098797 -0.217406 2.310651
4.756207 1.672325 1.686144 1.949222
4.581241 1.328932 1.452962 1.597333
4.480065 1.642139 1.382708 1.908720
3.163660 1.906765 0.027396 2.126967
4.989307 1.538540 1.918156 1.826301
5.633813 1.430317 2.592642 1.738933
4.793207 1.227754 1.676488 1.504465
5.403595 1.073271 2.301967 1.370095
3.451077 1.871319 0.326959 2.102255
2.524223 1.651926 -0.659062 1.842338
2.312934 1.986603 -0.846391 2.169246
5.094871 -2.152454 2.832503 -1.959960
5.510115 -2.196487 3.276046 -1.991348
4.912438 2.331737 2.928626 2.599094
3.414081 -2.256364 1.075369 -2.103366
