-2.158910 -4.197129 -7.944100 -3.905283
-1.907301 5.709399 -6.674788 5.968998
-1.286182 -4.212848 -7.072645 -3.924016
-0.264627 -4.247336 -6.057006 -3.960620
-0.088487 4.674457 -4.975132 4.932485
-0.009198 4.692218 -4.894791 4.950455
-0.009204 4.665594 -4.897250 4.923870
0.299616 5.314550 -4.520735 5.571914
0.335009 5.448157 -4.471119 5.705543
0.412453 2.967850 -6.834696 3.262362
0.474271 3.382557 -4.551251 3.640962
0.597062 2.941521 -6.655698 3.236569
0.631254 1.146846 -6.892650 1.447973
0.695249 -4.292148 -5.104977 -4.007736
0.747046 3.462271 -4.271128 3.721079
1.474241 5.664321 -3.319547 5.920956
1.886338 4.704341 -3.239850 4.964478
2.038632 5.309687 -3.024167 5.569723
2.034800 4.199130 -3.150320 4.459286
2.046767 5.122739 -3.037576 5.382466
2.052368 4.172598 -3.136080 4.432926
2.063499 4.864871 -3.048396 5.125035
2.059648 3.641485 -3.186983 3.903805
2.084597 5.746858 -2.932033 6.006756
2.081243 0.681934 -5.519228 0.983061
2.160397 0.567750 -5.454286 0.869124
2.263030 -3.737712 -3.805869 -3.454756
2.314737 5.756807 -2.703690 6.016327
2.371919 6.571611 -2.560083 6.831632
2.385310 5.703562 -2.640267 5.963463
2.475934 4.111990 -2.723842 4.372443
2.491345 5.659435 -2.541337 5.919732
2.528018 -7.399929 -3.951459 -7.099797
2.563687 -7.418204 -3.918634 -7.117442
2.565842 -0.987755 -3.217411 -0.715571
2.600956 -0.838317 -3.165258 -0.566792
2.636320 -0.961444 -3.144354 -0.689361
2.645076 -0.899901 -3.128595 -0.628410
2.675352 2.989387 -2.656362 3.251531
2.733826 1.473832 -2.771568 1.739159
2.742942 1.667453 -2.739925 1.932520
2.759830 1.121988 -2.786884 1.387955
3.101560 6.836583 -2.141874 7.101303
3.317190 5.878612 -2.040224 6.143561
3.388239 5.879084 -1.969665 6.143961
3.387358 -1.578531 -2.855259 -1.298161
3.459243 5.870620 -1.900909 6.135008
3.715671 2.110059 -2.091663 2.379308
3.801331 0.322261 -2.219687 0.595091
3.811571 1.493281 -2.065673 1.763514
4.073816 -5.910217 -2.688697 -5.613591
4.109589 -5.928420 -2.654880 -5.631379
4.106589 4.323935 -1.441175 4.589511
4.128953 -0.311551 -1.971277 -0.036882
4.197079 4.582326 -1.321007 4.850410
4.355429 4.316587 -1.196023 4.582044
4.386023 -0.285260 -1.710720 -0.011791
4.456123 5.878306 -0.911662 6.141750
4.463195 -4.396013 -2.124820 -4.108043
4.690909 6.185169 -0.647291 6.451487
4.920440 4.854683 -0.571937 5.119825
5.080902 4.829213 -0.415192 5.093633
5.303454 4.732943 -0.207589 4.996922
5.555318 5.834938 0.173009 6.100691
5.962132 0.340970 -0.068862 0.611093
6.213591 -0.931597 0.030328 -0.659045
6.361490 4.778074 0.846147 5.042766
7.782364 3.265229 2.085536 3.528606
7.791849 3.318777 2.098101 3.576481
7.872266 6.367631 2.539517 6.629697
8.702062 6.389259 3.372971 6.649550
8.866568 6.382815 3.532391 6.643101
9.023340 -0.324146 2.899005 -0.056593
9.094174 4.332710 3.514503 4.594536
9.117016 5.393674 3.662850 5.654870
9.164221 -3.034456 2.716585 -2.760655
9.374764 3.126481 3.647847 3.388459
9.405950 -2.339477 3.040964 -2.068684
9.553602 2.573653 3.761096 2.838561
9.592068 5.265169 4.114538 5.527569
9.590672 2.627537 3.809307 2.888628
9.628618 3.782524 3.979924 4.045037
9.649577 -1.698163 3.358359 -1.430372
9.646300 0.923155 3.658131 1.187073
9.766279 3.774987 4.113962 4.037317
10.042060 5.208438 4.556789 5.468059
10.018159 2.004708 4.153127 2.265334
10.143035 5.779033 4.723480 6.044914
10.151449 2.658522 4.366572 2.920443
10.174424 -3.105910 3.708947 -2.832723
10.188987 -1.039692 3.971464 -0.772086
10.283366 4.661878 4.730674 4.909270
10.280597 0.960504 4.294645 1.219910
10.313352 2.095849 4.463456 2.356613
10.317067 0.808740 4.312120 1.071425
10.377897 2.096238 4.526576 2.357642
10.408153 -2.391083 4.028371 -2.121409
10.643420 -3.819982 4.089419 -3.546013
10.741022 -0.352787 4.598931 -0.088237
10.838879 4.714367 5.287900 4.973453
10.884574 -4.579610 4.237480 -4.301631
11.038198 5.621338 5.588651 5.884862
11.260729 0.891549 5.261295 1.152459
11.306149 0.345202 5.235996 0.601673
11.326318 -0.998597 5.102692 -0.734036
11.534539 -1.797704 5.210140 -1.532222
-6.623612 6.220657 -11.334734 6.492053
-5.451733 -4.614827 -11.271348 -4.322558
-3.816669 3.328168 -10.996258 3.631515
-3.459566 2.329067 -10.763906 2.631955
-3.442390 -2.432964 -9.044796 -2.149676
-2.594285 -4.953476 -8.444707 -4.660438
2.375290 2.970812 -4.882280 3.257526
2.502663 2.826511 -4.781798 3.119561
2.633698 2.323821 -4.741396 2.616546
2.457330 0.152773 -5.180200 0.454757
0.732617 1.029319 -6.806223 1.332072
0.856183 0.280940 -6.744233 0.600043
1.967286 -3.699505 -4.110362 -3.403977
2.275164 -3.703598 -3.776206 -3.392128
0.933756 -4.251110 -4.881241 -3.964841
0.708082 3.058923 -6.523135 3.360802
2.212045 2.197785 -5.178265 2.488067
1.734467 1.435863 -5.770896 1.732402
-1.404685 3.096398 -8.607922 3.400262
1.459283 5.694950 -3.329281 5.953120
-3.151907 3.442470 -10.306155 3.748665
-0.724269 1.794337 -8.164350 2.115990
-1.877668 2.312776 -9.200939 2.618247
4.890880 5.208862 -0.557035 5.477038
-0.107359 5.604060 -4.897180 5.869102
