0.00000000 0.00000000 15.87132700 2.78018954 0.00189975 15.90269637 
0.86144652 1.09782101 4.15758194 2.92680070 1.10262388 5.17096332 
0.92207295 1.04172473 4.17433073 2.98134517 1.04702378 5.19744731 
0.27879660 0.36097204 4.56852915 2.40040528 0.42658233 5.59640369 
0.33186348 0.09882058 4.63928648 2.44791746 0.19441486 5.69797355 
0.84888686 0.06320553 4.64042278 2.91628124 0.14987280 5.63594119 
0.22770589 1.08974141 4.13024183 2.34848491 1.10426050 5.22632709 
-0.52191966 1.15206152 4.05422742 1.66612965 1.17946302 5.21551272 
0.97923484 -1.58380966 2.21585242 2.85648939 -1.33757513 3.31617443 
0.83660968 -1.58235227 2.24532728 2.72763024 -1.33156138 3.36346849 
-0.19896604 0.86068808 4.23713885 1.96219901 0.90423809 5.35977346 
2.28135050 2.40066983 0.99884875 4.08692335 2.30834181 2.09205490 
2.54514933 -0.38866365 2.38756739 4.32243088 -0.27910272 3.46639632 
2.71419742 1.43430432 1.49395788 4.48423923 1.39809919 2.55599248 
0.14687380 2.73491823 -0.48243326 2.03902799 2.70711767 0.73366477 
1.02223570 -3.02313033 2.90748424 2.89865854 -2.65166970 3.99743001 
1.39438330 -1.22986959 2.85931169 3.28220220 -1.02840458 3.89708941 
0.62043632 0.51421571 4.46488736 2.70992284 0.56770159 5.49985996 
-1.31892025 0.99897611 4.12131756 0.94534557 1.05684772 5.33470126 
0.95478169 0.84760549 4.30215959 3.01358646 0.86582074 5.30440711 
0.29228332 0.03406730 4.57080293 2.40536812 0.13946207 5.60300423 
0.29489589 -0.01085485 4.49476473 2.40310312 0.09763356 5.55755711 
0.29956721 -0.06808840 4.38833828 2.40043877 0.04388946 5.47362577 
0.30574996 -0.13925913 4.29033616 2.39853880 -0.01715204 5.37958324 
0.31308093 -0.19378651 4.22014402 2.39947154 -0.06620201 5.30619484 
0.36129725 -0.24744671 4.13013148 2.43673265 -0.11728705 5.21958307 