0.00000000 0.00000000 15.87132700 4.15553940 0.03688088 16.01761081 
-1.62656871 1.37700887 5.01277257 2.13581399 1.50231648 1.65480933 
-0.69037362 0.91330178 5.22850159 3.39624917 0.97671886 1.91879891 
0.96003566 2.48318968 0.67627327 5.51797388 3.02924034 -3.70214244 
-1.19277264 0.61587212 5.41205978 2.75312725 0.54763798 2.15830797 
-1.47855944 0.46729746 5.51932919 2.38246769 0.33104122 2.27342713 
0.24849424 1.36752100 4.91215221 4.60698225 1.64768904 1.46855783 
0.47234440 1.51073062 4.80493364 4.89347745 1.85130116 1.33964351 
-0.20396581 1.27213145 5.00361822 4.01412498 1.48548148 1.59975436 
-1.24358628 0.38056291 5.49003779 2.70420181 0.23773736 2.27624903 
-1.26162279 0.41887934 5.53283177 2.67183495 0.28532703 2.28827986 
-0.78966731 1.35623180 4.97856907 3.23613200 1.54658148 1.58799380 
0.02266691 0.95813492 5.13144145 4.33615096 1.09274952 1.75608155 
0.49853979 1.21909601 4.96271133 4.94756509 1.47122947 1.56157062 
0.06531840 1.23431861 4.99458449 4.37321887 1.45715143 1.59305383 
-1.86293294 -1.12483519 3.18292341 2.07635844 -1.81935193 -0.58151279 
-0.37868432 -1.60297029 2.80266308 4.05847839 -2.34721665 -1.09513258 
-1.53807900 1.00900937 5.23655658 2.26967165 1.03463726 1.90791760 
-1.03161144 1.13998205 5.14009480 2.92976244 1.24705316 1.78841218 
-2.49222891 -0.58357162 2.53837325 1.22120884 -1.18623560 -1.47835698 
-1.91346311 2.39591546 1.48472324 1.78121920 2.71955728 -2.78876576 