0.00000000 0.00000000 15.87132700 2.80252353 -0.14444841 15.71346820 
-1.47888958 1.37557295 5.19140012 0.69081068 1.32251182 4.89653092 
-0.20160253 1.60169906 5.07456811 1.99433921 1.51351224 4.69558482 
-0.14762816 1.56777926 5.09378566 2.04679928 1.48230363 4.67261960 
1.13474718 1.31173110 5.19018616 3.36009722 1.18174302 4.65883878 
0.96506853 1.06057847 5.32947717 3.18509661 0.92533590 4.83710761 
0.92839484 1.28156824 5.21480533 3.14776808 1.15433669 4.71998354 
0.01848028 1.43315669 5.16689619 2.21757273 1.33771006 4.74664985 
1.28733885 1.22587180 5.21954396 3.51523744 1.08566076 4.68943120 
1.73808057 1.16643330 5.23134453 3.97790113 1.01092670 4.66512866 
1.11054444 0.99701946 5.35778571 3.33533882 0.85646346 4.82771930 
1.52060964 0.90599177 5.38719855 3.75501659 0.74797738 4.84253070 
0.22042285 1.41753858 5.17147582 2.42358356 1.31527725 4.72570010 
-0.44019840 1.22900170 5.27053174 1.74780801 1.14405157 4.88188255 
-0.57160989 1.46451693 5.15261105 1.61554268 1.38722726 4.78532947 
2.30764708 -1.59520674 2.94092454 4.31734856 -1.82705901 2.42168298 
2.68736488 -1.62733967 2.85198121 4.68866367 -1.87058970 2.36591068 
2.76464596 2.45082089 0.88870704 4.76752330 2.26012912 0.46762534 
0.86962792 -1.69969576 3.03653909 2.85767012 -1.89060146 2.58624240 