0.00000000 0.00000000 15.87132700
4.15553940 0.03688088 16.01761081
7.81010155 0.08503614 15.69409501
11.45060141 0.23244176 15.45490700
15.36826601 0.21283102 15.13384635
8.80066426 1.56842383 1.31804479
8.82314855 1.58061581 1.30781937
8.94145019 1.47966894 1.35598247
8.49042752 -2.24245613 -1.41653076
8.52602038 -2.05650750 -1.49282886
8.14775101 3.60236637 -4.33001513
9.04499168 0.53646860 1.01660312
8.65696380 -2.20988236 -1.43457559
9.11532751 1.56166545 1.25902100
8.68528728 -2.12295555 -1.46937862
8.74237345 -2.67859646 -1.26159843
9.19368771 1.55639064 1.26659433
8.34760973 4.21171410 -4.67849769
9.32739227 1.21721511 1.47899370
9.37173130 1.43235778 1.34744968
8.96287871 -2.25111947 -1.45677147
8.66167204 2.11478233 -3.59080000
8.68724849 2.05857307 -3.56376444
9.41915873 1.43631788 1.34178135
9.10163446 -2.47444631 -1.39449847
9.55825390 0.85023524 1.65162231
9.15145889 -2.32498428 -1.45265330
8.84389955 2.80247032 -3.96412756
9.58693762 1.32363155 1.39534850
9.60763400 1.31104585 1.40081441
9.70490217 1.33146973 1.38093012
9.72008371 1.23659343 1.43867918
9.73001990 1.15475613 1.48664620
9.15507549 1.92229824 -3.52788080
9.11320215 2.66789172 -3.91814282
9.77616401 1.22417542 1.44227623
9.80661997 0.80610648 1.66259768
9.80878655 0.76284830 1.68067333
9.19131937 1.93907974 -3.53885165
9.14053197 2.92515312 -4.05658494
9.23068455 1.99492763 -3.56924896
9.51560266 -2.26869479 -1.50395193
9.87802563 1.11381294 1.50019309
9.92775474 1.25652499 1.41369672
9.29953853 3.46972451 -4.36505174
9.33272581 2.90102535 -4.06071417
9.38120024 2.91262063 -4.07019822
9.38211688 2.89503851 -4.06158860
10.00271566 0.69132246 1.70710652
10.02413943 1.35916041 1.34766380
10.03181802 1.43070751 1.30557264
9.74438484 -2.28680872 -1.52054058
10.07546342 1.09273353 1.50228644
9.54976057 3.32987122 -4.31519639
9.56686718 3.42094232 -4.36865643
10.13097779 1.42953266 1.29920053
9.53441080 4.48894673 -4.94824865
10.13388702 1.45038990 1.28775418
10.15173844 1.41274951 1.30791436
9.90022841 -2.64714102 -1.39288575
10.16473800 1.32555225 1.36195781
10.17066939 1.42942429 1.29705494
9.72173486 2.06072453 -3.64782480
10.20663515 1.20224209 1.43014871
10.21576347 1.40019344 1.31095134
10.22139929 1.30060192 1.37416575
10.23026447 1.19816370 1.42940937
10.26627178 0.61270586 1.74768442
10.28083847 0.63216748 1.73762059
10.25158267 1.39601677 1.31083941
10.29062355 0.58163377 1.76138040
10.28954753 1.11674039 1.47659798
9.81142785 3.38421271 -4.37120061
10.32444237 0.78450755 1.65879679
10.32170479 1.18141703 1.43748854
10.31841277 1.40424804 1.30111515
10.35621971 1.28387016 1.37610859
10.43340903 0.66696322 1.71423892
10.46183540 0.82762347 1.62880525
10.49713349 0.38497559 1.84781084
10.53475845 0.27830435 1.89391912
10.15235573 1.93063981 -3.61298362
10.55644801 1.18514161 1.41692568
10.60376040 0.50439452 1.78421034
10.61899253 0.63176047 1.72222675
10.29649116 1.90823704 -3.60826282
10.66515750 0.21397973 1.91142302
10.34389630 1.91901480 -3.61632017
10.67661844 0.20639659 1.91266921
10.36423166 1.94679169 -3.63256768
10.66851517 1.23376205 1.38364213
10.70132256 0.42343361 1.81545511
10.70673039 0.20255491 1.90857974
10.72550368 0.22154915 1.90515760
10.71902836 0.61236998 1.72303862
10.74011218 0.68233505 1.68697625
10.75961713 0.21388465 1.90472589
10.73867224 1.24208769 1.37096716
10.78589347 0.22145880 1.89969318
10.80162245 0.67451714 1.68528552
10.81583159 0.23280176 1.89188955
10.80653008 0.91514380 1.55073021
10.81578973 1.14030954 1.42019814
10.83858466 0.18352999 1.89172026
10.85392146 0.20254406 1.89543126
10.85138436 0.50834773 1.76151501
10.85617961 1.24217179 1.35992803
10.60423413 4.21663162 -4.23797396
10.61641797 3.93550201 -4.08322999
10.86897503 1.34520702 1.29300977
10.66526662 3.21218643 -3.69509697
10.68143832 2.50088024 -3.31211518
10.65250894 4.01436863 -4.12999669
10.67335321 3.09049202 -3.62903369
10.69223866 2.48413162 -3.30347163
10.68754742 2.92430148 -3.54227163
10.70482346 2.15342120 -3.12680419
10.90652080 0.93502775 1.52859911
10.68561806 3.49853717 -3.84956778
10.91863025 0.74900659 1.63266568
10.92728536 0.32382459 1.83895172
10.91312826 1.15274857 1.40610639
10.93124722 0.50759546 1.75140780
10.92597998 1.09542599 1.43363850
10.85306582 -2.92302322 -0.54543086
10.95430659 0.29345212 1.84931256
10.96122502 0.32766802 1.83235518
10.97058679 0.43461458 1.77994198
10.99096741 0.35438299 1.81480084
10.99329666 0.19875862 1.87638917
10.99479501 1.15678061 1.39048405
10.82466352 3.50342112 -3.86076032
11.00347412 1.30851410 1.30144980
10.86485974 1.85984086 -2.97456969
10.94139555 -2.12850130 -0.93578828
11.03477761 0.16840743 1.87109146
11.03896758 0.42323624 1.77255541
11.03150203 1.07154863 1.43466031
10.87895667 2.51672043 -3.33150752
10.88728196 2.03781037 -3.07235051
11.03490844 1.10017051 1.41931107
11.03663062 1.00718447 1.47191807
11.05924353 0.58168188 1.69200096
11.06063029 0.73368470 1.61524521
11.08995307 0.55831375 1.69363548
10.93272151 3.43758304 -3.82928700
10.93431999 3.33736933 -3.77207514
11.05594856 -3.61313476 -0.22478322
10.97299769 2.48835431 -3.32286566
11.07355237 -3.62116761 -0.22291683
10.97159499 3.33699810 -3.77356404
10.98437998 3.19062928 -3.69035028
11.03173625 -0.11590252 -1.91435289
11.04218270 -0.50356007 -1.71287482
11.02375965 2.20554365 -3.16474643
11.06008048 -0.42397840 -1.75676993
11.06258848 -0.60616078 -1.66415432
11.08002853 -0.48964377 -1.72499656
11.04479478 2.58183012 -3.36940927
11.07793672 0.03295839 -1.99487679
11.08436291 -0.45683109 -1.74202538
11.08157486 0.12481893 -2.04338737
11.08710597 0.07156959 -2.01591935
11.11060305 0.53210522 -2.26147078
11.11360783 0.28504174 -2.12857103
11.10832615 1.12815572 -2.58761219
11.11650899 0.85790964 -2.44064977
11.13366881 0.65655905 -2.33219987
11.13890650 0.20279622 -2.08638230
11.14766520 0.29046615 -2.13258761
11.20152640 -3.72428014 -0.18702856
11.16506782 -0.42876187 -1.76372180
11.22361867 -3.75221575 -0.17686600
11.49412585 -0.10527910 -1.05497715
11.51354675 3.40494736 -2.96415836
11.53532981 -0.72815675 -0.73392425
11.61444575 0.50455628 -1.39301995
11.65926957 1.17751569 -1.75883923
11.70127613 0.21052019 -1.24776479
11.70956348 0.83780737 -1.59030444
11.79264574 -2.43420040 0.08592454
11.81400165 -2.43053025 0.08025909
11.81833882 -2.42279058 0.07474802
11.82448549 -2.77593524 0.24682307
11.86851480 -0.11913606 -1.09089344
11.92956204 2.60884504 -2.56658535
12.01624112 2.44814352 -2.48427345
12.00135217 -0.10591699 -1.11809578
12.08275100 3.40468219 -3.01819521
12.00558821 -2.09447123 -0.10296363
12.42522981 2.75441183 -2.69600449
12.54818888 2.69526265 -2.67809743
12.71457991 -0.79745169 -0.85377130
13.13807166 2.71847825 -2.75634360
13.87224734 1.82425471 -2.37755515
13.87903055 1.85395487 -2.39265185
13.94076408 -2.82629689 -0.03452118
14.60479079 3.70166165 -3.48178391
14.54752847 2.41114199 -2.77342672
14.63027811 2.44280696 -2.79965535
14.69598577 3.08308220 -3.15543283
14.72337605 1.74034223 -2.44175049
14.48240665 -1.13147817 -0.94595659
14.87525371 2.89723307 -3.07117679
14.79242962 1.42765847 -2.29357112
14.95200880 3.00057494 -3.13746345
14.89302404 2.11731499 -2.65935418
14.56217925 -1.49429099 -0.77163981
14.63318472 -0.81861965 -1.12454563
14.96708798 2.11250913 -2.66627893
15.19801018 2.96390353 -3.14907217
14.82219198 -1.49571709 -0.80789595
14.93607385 -0.49102133 -1.33256998
14.86725439 -1.49165074 -0.81513422
15.29836530 2.62956142 -2.98410944
15.16885727 1.15971929 -2.20513204
15.09933208 0.46328751 -1.83671124
14.97400674 -1.15530776 -1.00231942
15.01236219 -1.82814082 -0.66826406
14.97790908 -2.50256572 -0.32564686
15.60450100 2.65994415 -3.03388746
15.77055685 3.20764648 -3.33234600
15.55674728 1.25134414 -2.29570815
15.50678557 -0.46997665 -1.41374342
5.16677477 3.93629103 -4.14408656
5.19631051 3.92397760 -4.14242430
5.62342302 3.15815256 -3.81993993
5.84090592 4.35681876 -4.45637051
6.09609344 3.68781103 -4.14139736
6.90456352 -2.28222006 -1.22652982
6.24248218 3.57828384 -4.10786218
7.10846972 -2.64961207 -1.09634839
7.22677406 -2.19859261 -1.28878943
8.03415513 1.64553382 1.36312989
8.06015355 1.67050555 1.35167077
8.19702540 1.18919311 1.56964394
8.14884855 1.66194805 1.34493061
8.14145703 1.80756167 1.26014732
8.18018155 1.66635261 1.33853260
8.22996391 1.36929014 1.48418741
8.22131357 1.65049536 1.33908453
8.22903312 1.61583671 1.35508578
8.27920873 1.20870459 1.55828880
8.25154128 1.70039275 1.30961693
8.26360791 1.62837358 1.34504457
8.27491018 1.56923712 1.37712155
8.33391150 1.17232073 1.56845910
8.33214882 1.14468541 1.56085502
8.26616229 0.86711813 1.21536324
8.29519901 1.77263793 1.26594786
7.15321344 2.96306138 -3.89621274
8.33145753 1.76846069 1.26253505
8.39830219 1.13204575 1.56846624
8.34378259 1.73850519 1.28125338
8.43078071 1.11979377 1.56982643
8.34030991 0.78918371 1.12058696
8.46693006 1.11138219 1.56966004
8.42502480 1.65320166 1.31590393
8.44295165 1.79381132 1.24566624
8.49680802 1.65712168 1.30718174
8.49851313 1.72849913 1.27594466
8.50683168 1.68215318 1.29633739
8.55128779 1.67784895 1.29375060
7.42863559 3.53113573 -4.21463296
7.45210512 3.41002962 -4.15504402
8.61794374 1.65642830 1.30008605
8.67735738 1.06615630 1.57835185
8.64018329 1.67325752 1.28871877
8.64202388 1.66031025 1.29799307
8.64972707 1.61429266 1.31637493
8.65012349 1.69835206 1.27696934
8.68481005 1.71508538 1.26624120
8.69962191 1.68557993 1.27940893
8.71612232 1.68120272 1.28030128
7.74470842 2.68004655 -3.80547803
7.76782457 2.72025369 -3.82916427
8.75602461 1.58533075 1.31849570
8.75827312 1.70244422 1.26585617
8.27243023 -2.44184132 -1.30909293
8.28711167 -2.62477221 -1.22940135
11.01236511 1.40274562 1.25314401
11.08787975 1.33200465 1.28647033
10.36628969 0.50233687 1.86121425
10.44323985 0.20018053 1.99852159
11.05959904 0.15663825 1.89164998
10.25213193 1.38546715 1.35843288
9.34820950 1.45979699 1.38030460
10.90846919 -1.87229157 -1.12934696
10.74078905 -1.86774090 -1.05988604
9.75714266 1.11092104 1.56119340
12.32898994 2.95422533 -2.90622375
12.81191529 -0.41734711 -1.03964729
12.91281327 1.77898736 -2.29291276
9.53669013 3.37021217 -4.59517718
11.05061477 -3.58787657 -0.19913486
11.49074050 -1.43295984 -0.39413077
10.76419305 0.69730797 1.71293921
8.40810274 1.27498834 1.58093651
11.14307292 1.09674589 1.43045167
10.38390809 0.12351390 1.87693020
10.37997707 0.06696948 1.81812779
10.37384511 -0.00636062 1.70885137
10.36843749 -0.08957220 1.58637078
10.36745796 -0.15628932 1.49069121
10.41377006 -0.22473500 1.37558270
6.03572038 1.81402120 1.38949177
6.08143298 1.74391369 1.42656916
6.13323277 1.73269343 1.42923966
6.16526561 1.41955662 1.60356908
6.14887392 1.68766602 1.45256968
6.16196427 1.80935864 1.38743847
5.43209437 4.06384167 -4.69611091
5.45157740 4.35132896 -4.86027531
6.21109158 1.69332257 1.44798228
5.66286197 3.17921013 -4.22009331
6.32138308 1.78406857 1.39683721
6.43733200 1.65772682 1.46398776
5.89763432 3.69675495 -4.51392069
6.47857048 1.78765394 1.39408504
6.49956919 1.65939886 1.45931989
6.50016034 1.65130780 1.46357748
6.53369396 1.73455025 1.42370286
6.61299381 1.71622988 1.42717372
6.16773898 3.55845326 -4.45577763
6.68420281 1.64762878 1.46262444
6.19072723 3.62677557 -4.49499606
6.21494927 3.59673789 -4.47931609
6.19459362 3.97569845 -4.69278610
6.69178257 -2.49014617 -1.23313708
6.77295377 1.66279925 1.45073640
6.81336623 1.70892921 1.42951520
6.38823984 3.74484742 -4.57348017
6.83245859 1.71770809 1.42542152
6.60956204 3.46958158 -4.43563006
6.61264486 3.51246538 -4.45960542
6.66542686 3.55713190 -4.48776272
6.70160167 3.39992432 -4.40418434
6.70607262 4.13903443 -4.81828709
6.73389145 4.35726091 -4.94416151
6.83165648 3.55109177 -4.49691558
6.81819072 4.03545174 -4.76698960
7.16888376 -2.42913619 -1.30600993
7.17899310 1.42006327 1.56335995
6.89292567 3.32101880 -4.37097213
6.92468466 2.90305846 -4.13528999
7.02963094 3.21752880 -4.32335522
7.30406508 1.84015527 1.34114385
7.31470256 1.77734107 1.37672181
7.13161733 3.01735858 -4.21652739
7.15211878 2.92250058 -4.16256690
7.15418986 3.00009605 -4.20794564
7.39360278 1.76315150 1.38061290
7.40206912 1.74684687 1.38830928
7.43725250 1.74785422 1.38655888
7.51666929 1.82539542 1.34196842
7.52602291 1.78357775 1.36575767
7.40140929 3.57027189 -4.54221290
7.41927585 3.21883798 -4.34749141
7.42780684 3.44873159 -4.47498026
7.55613843 1.81838296 1.34284502
7.69554098 1.74750241 1.37417835
7.73624591 1.83310286 1.32172928
7.75026445 2.74827081 -4.10319448
7.75398992 2.81325434 -4.14158905
7.73352351 3.81219328 -4.70486004
7.77864800 1.71293898 1.38757228
7.81149861 1.34099381 1.58551531
7.79890013 2.97553674 -4.24101739
7.79332123 4.11611805 -4.88187277
7.86021376 1.73613588 1.37310147
7.88059885 1.69927591 1.39233173
7.94102535 1.60997474 1.43703512
7.94374921 1.66789705 1.40684155
7.97474941 1.68134387 1.39689851
7.99547081 1.61598441 1.43059120
8.03605281 1.76777105 1.33733997
8.07729236 1.62295625 1.41965206
8.11281602 1.59542280 1.43099079
8.12917370 1.52974995 1.46887577
8.15138665 1.62995307 1.40968267
8.18131591 1.78215442 1.31400009
8.18637992 1.64359049 1.40001557
8.33359709 4.31110261 -5.04074567
8.29147635 1.74356271 1.33226662
8.47533155 4.38765669 -5.09516399
8.30409205 1.60686932 1.40630703
8.33967578 1.46362066 1.48865960
8.38588274 1.68845268 1.35611866
8.68105018 -2.60535815 -1.32865574
8.44483874 1.63672863 1.37821625
8.44879625 1.61622880 1.38857754
8.46826537 1.67888198 1.35474267
8.49522198 1.41602397 1.50064754
8.53501287 1.70613216 1.33497872
8.53401851 1.39303928 1.50987233
8.56628036 1.61232296 1.38052055
8.58973507 1.59243748 1.38876363
8.71072309 1.53507007 1.40875725
8.71947606 1.69178527 1.33049437
8.77698569 0.63493541 1.10866607
8.73795868 1.52368580 1.41309388
9.10942890 2.69702688 -4.17427140
8.79138008 1.44717023 1.45566434
8.83234130 1.54382348 1.39122523
9.26139373 2.99145627 -4.35165267
9.27680114 3.54404846 -4.67331010
9.29283624 3.50164894 -4.65067503
9.32634433 2.92867624 -4.32241664
9.37609091 2.94247367 -4.33457098
9.37575401 2.92468177 -4.32465563
8.94575599 1.52328482 1.39126876
8.94935105 1.51101397 1.39882156
8.95485632 1.03796807 1.67222467
8.97464451 1.55407834 1.36209091
8.98349115 1.46278499 1.42419083
9.02592776 1.13970086 1.61347639
9.05643389 1.53201525 1.36942808
9.11521992 1.59469168 1.30670037
9.10795423 1.17828611 1.58523588
9.12143327 1.48460044 1.39571221
9.13754856 1.48942873 1.38853852
9.18080627 1.54708042 1.32899487
9.22121345 1.56151230 1.31187115
9.22114973 1.31963487 1.49073665
9.23636776 1.54530481 1.32085264
9.22264009 0.99912487 1.67431589
9.31992010 1.43832176 1.40477573
9.34333873 1.43503487 1.40448901
9.35192722 1.45187079 1.39295334
9.39762996 1.33427204 1.46295361
9.39525736 1.28515507 1.49537193
9.40407222 1.30584976 1.48091096
9.41464786 1.36359460 1.44260240
9.44021921 1.46845294 1.36524458
9.45491456 1.23032390 1.52533558
9.48076487 1.43583231 1.39136197
9.49608736 1.01572614 1.64631670
9.54959089 1.00164324 1.64878898
10.24506236 2.07437841 -3.90382509
9.58465445 1.39433360 1.40804439
9.58708683 1.36563656 1.42555182
9.57096713 0.86082880 1.72127087
9.60498417 1.33350311 1.44383223
9.59577579 0.90866573 1.69514067
9.60145403 0.95205295 1.67133132
9.59897652 0.89312166 1.70313087
9.61724089 1.13516505 1.56954484
10.44944707 2.96217500 -4.41119334
9.72540188 1.31347831 1.44438472
9.71765820 0.88122355 1.69903505
9.74985565 1.20433377 1.51243875
9.73560818 0.93676642 1.66807818
9.74991024 1.13983030 1.55235363
9.75265555 1.05192748 1.60492888
9.83165184 1.19912969 1.50686503
9.83370393 0.81841011 1.72297243
9.84950173 0.97589735 1.63702253
9.84304387 0.84991435 1.70501306
9.84463866 0.80708569 1.72814893
9.84770119 0.79156337 1.73606371
9.85480611 0.78007722 1.74145269
9.89515588 0.96158855 1.64057039
10.67892251 2.92127635 -3.72978456
10.68570020 2.94452477 -3.74374133
9.92976749 1.02994212 1.60111560
9.94797235 0.80250096 1.72262011
10.73175190 2.13632564 -3.29099480
9.99187117 1.03201061 1.59491566
10.83978976 3.12247779 -3.84567966
10.07159768 1.32959696 1.40498970
10.07451443 1.31735176 1.41301505
10.08258198 1.11094826 1.54116872
10.08784430 1.07510097 1.56206669
10.96069005 3.49112186 -4.05963477
10.97330254 3.36102737 -3.98523139
10.12948179 1.31921871 1.40824719
10.10887070 0.98425746 1.61260959
10.10147280 0.80718589 1.71058969
10.11426999 0.94885190 1.63212353
10.94115709 2.45935393 -3.48610253
10.14087717 1.21366372 1.47367013
10.15439634 0.73488189 1.74620941
10.16784232 0.70422640 1.76125298
10.19068880 0.64685675 1.79168579
10.24048556 1.18471228 1.48220786
10.24349412 1.17267615 1.48900786
10.24258547 0.90554291 1.64696868
10.24139795 0.66385595 1.77936561
10.32860867 1.30162292 1.40240654
11.19647021 2.44993172 -3.48475071
10.31054288 0.78220044 1.71203563
10.36121898 0.98457378 1.59025306
10.35418353 0.63634014 1.78608660
10.41493005 1.20305000 1.45324137
10.43656042 1.27275930 1.40967966
10.42648389 0.88371672 1.64475438
10.46463037 1.27784240 1.40384011
10.39934814 0.40472012 1.90240702
10.43482612 0.79778820 1.69412934
10.43627210 0.65809592 1.76765869
10.50284022 1.26298994 1.40879668
10.44138300 0.28526462 1.95518087
10.45037368 0.31177466 1.94309802
10.50704885 0.82748705 1.66975121
10.51699784 0.27988699 1.95056619
10.56954599 0.91240059 1.61080562
10.54809005 0.40136476 1.88868270
10.53955440 0.27668651 1.95010459
10.61821226 0.62511476 1.76910754
10.61329284 0.40333188 1.88080990
10.62860275 0.50650076 1.82766671
10.62228727 0.36950784 1.89667760
10.65520946 0.34772330 1.90347286
10.67111523 0.50775044 1.82196658
10.66151259 0.27642108 1.93736492
10.67151426 0.35949455 1.89534889
11.26521038 -3.49906779 -0.25666292
10.71412674 0.70550066 1.71462759
10.72830389 0.34603372 1.89419246
11.32742529 -3.55308519 -0.23261666
10.72269614 0.21793472 1.95626310
11.34668249 -3.47033583 -0.27552665
10.78026088 0.41955924 1.85135111
10.78072304 0.27970590 1.92058050
10.81763356 0.45113550 1.83060115
10.81191543 0.23173610 1.93831378
10.82545069 0.31109711 1.89971128
10.84478950 0.31168893 1.89676717
10.89831643 0.57989725 1.75510367
11.00885924 1.18827558 1.38942780
11.92132545 2.47187817 -2.61573816
10.95176906 0.28832910 1.89026471
11.01790608 0.75077624 1.64067833
12.16109744 3.09696388 -2.98545779
11.86058197 -0.11307313 -1.15828165
12.24636823 3.07810812 -2.97981396
12.42799182 4.02933712 -3.53157245
12.80011771 1.17585176 -1.97690533
2.37023959 3.67444118 -4.27313547
2.41729900 3.54831926 -4.21474186
2.50358369 3.61373626 -4.26395690
4.23569488 -2.20013088 -1.26340655
4.93099802 1.39921695 1.66113516
4.92240465 1.59746396 1.54673188
3.62096969 4.13854611 -4.64798893
4.93906827 1.58974466 1.55020438
3.71886805 4.24352448 -4.71389203
4.98678118 1.78963500 1.41717817
3.74928032 4.26972127 -4.72967184
3.82591426 3.81235009 -4.48455787
5.05195126 1.59247693 1.54355785
3.91230753 3.61681186 -4.38307769
5.07710429 1.75220943 1.44844629
5.07675272 1.80387486 1.41160499
3.88961508 4.01389586 -4.59585266
3.91186678 3.97060342 -4.57390392
3.90415834 4.24873866 -4.72701461
5.13258632 1.63590060 1.51741911
3.90976129 4.24891490 -4.72747750
3.94458797 3.97764104 -4.57926532
5.15410937 1.59072562 1.54218320
4.02584501 3.50924315 -4.32942850
3.94118192 4.17974577 -4.69073631
5.15965230 1.60763238 1.53193252
3.95400312 4.21189663 -4.70901216
3.97085064 4.12356055 -4.66115679
3.96419287 4.26337157 -4.73898935
5.17643682 1.62880809 1.51904779
3.98623110 4.09214525 -4.64371839
4.00614659 3.97916077 -4.58233877
4.04482289 3.71276253 -4.44039045
4.01423887 4.09285134 -4.64543641
4.04456200 3.84915001 -4.51443755
5.19585495 1.66253671 1.50056346
4.07733008 3.85609420 -4.51905011
4.03257787 4.30359544 -4.76435791
4.04035849 4.28494303 -4.75554695
4.11937562 3.83229172 -4.50784255
4.08065974 4.23481021 -4.72864136
4.08385236 4.29895535 -4.76515422
4.12516136 4.01391385 -4.60684615
4.10809615 4.28658707 -4.75878108
4.13389478 4.21662932 -4.71973083
5.28152924 1.70199130 1.47760145
4.22674789 3.77865385 -4.48075071
5.34389775 1.47616626 1.59922313
4.19664253 4.21177920 -4.71913134
4.26652714 3.77339463 -4.47881288
4.34211505 3.79415110 -4.49341428
5.37847671 1.83184847 1.39283742
4.37320845 3.81365409 -4.50597029
4.71012748 3.28351913 -4.22796811
5.63660820 1.76073699 1.43622727
4.78735611 3.70021159 -4.45741079
4.72471228 4.28358897 -4.78098071
5.72015698 1.75438056 1.43954988
4.85988188 3.64631799 -4.42928695
4.87277697 4.00182306 -4.62888971
4.93216550 3.48276631 -4.34229123
5.00284621 3.21348044 -4.20307614
4.97319929 3.73021651 -4.48241732
4.97728292 4.07459422 -4.67551415
5.02243090 3.68223400 -4.45842171
5.08498884 3.10219423 -4.14693930
5.84943856 1.90195690 1.34368858
5.85430620 1.85950501 1.37189549
5.88779531 1.76338016 1.42670583
5.88607712 1.85625216 1.37194705
5.90064922 1.79300121 1.41025493
5.15298327 3.18813349 -4.19866125
5.91197850 1.79753576 1.40719739
5.92789753 1.83204884 1.38441416
5.94533984 1.81554609 1.39378994
5.16823165 1.60555138 1.54533249
6.85097865 1.95170802 1.30412337
6.92203172 1.91480189 1.27588927
8.65207479 1.62687474 1.28901988
8.44114013 1.28366088 1.52326298
8.37711849 1.57588209 1.36520831
7.15371092 1.74182042 1.37854426
8.86052647 1.51481320 1.33380678
9.46796474 1.45345581 1.31245257
8.64190471 1.20575457 1.51534022
9.19534382 1.09797429 1.54481128
7.42354228 1.72838283 1.35562091
6.55576511 1.45617162 1.54990695
6.36687845 1.75979270 1.41654102
10.17522353 -2.25282243 -1.53987888
10.66217084 -2.28143343 -1.60457153
10.48035861 3.05292686 -4.16244281
8.28038134 -2.44634986 -1.35169123
3.19896652 0.79088647 2.06053855
3.25779777 1.51226184 1.64307379
3.27853169 1.46253872 1.68017676
3.34282922 0.88640306 2.00977028
2.87966553 3.52454652 -4.13511995
3.32259220 1.41095334 1.71488949
3.37184371 0.85712445 2.01920915
2.86392351 3.95587828 -4.36287347
2.87930739 3.96977951 -4.37281305
3.41777538 0.94665921 1.97450634
3.42551439 0.84918236 2.01336953
3.45325068 0.82848220 2.00773098
3.41749954 1.44203314 1.69692609
3.43171295 1.36786176 1.74045860
3.49291230 0.86189755 1.99859434
3.45495077 1.41527886 1.71243992
3.45964800 1.36196339 1.74638126
3.60509446 1.39218117 1.72339741
3.60896656 1.34313631 1.75127176
3.63716275 1.43159824 1.70070019
3.69538234 1.33253630 1.75454407
3.70593862 1.39917821 1.71529765
3.73695466 1.45515482 1.68234846
3.74415055 1.46393732 1.67760729
3.81641116 1.38210034 1.72011797
3.84366176 1.32644029 1.74921572
3.86828342 1.42270896 1.69568250
3.86855883 1.41866011 1.69774111
3.85955273 1.60664055 1.58256317
3.88463549 1.29650599 1.76402956
3.63648185 4.16703969 -4.50941915
3.89766136 1.33452146 1.74234858
3.69856619 3.90807558 -4.37355088
3.91859490 1.43037352 1.68829916
3.71361127 3.93421098 -4.38813531
3.77002710 4.01386725 -4.43312494
3.77680936 4.26055869 -4.56506554
4.03075391 1.01309660 1.88841047
4.03411265 1.02112049 1.88535132
3.85408383 3.65421214 -4.24665182
3.84853151 3.83298059 -4.34093112
3.86155445 3.80282848 -4.32512547
3.87064217 3.92731626 -4.38865253
4.06704926 0.98626101 1.86157907
3.90056239 3.62095099 -4.23017957
4.04232256 1.45556809 1.67078481
4.06894254 1.01970489 1.88128169
3.90306054 3.76238765 -4.30309613
4.06846238 1.41208516 1.69157944
4.10670249 1.03420405 1.87206987
3.93487644 3.97583878 -4.41630675
4.08575790 1.45033127 1.67189790
3.93413656 4.17693822 -4.52286591
3.97784450 3.53450797 -4.18462624
3.98468739 3.70075260 -4.27321037
3.95990692 4.12168107 -4.49283827
4.13504297 1.01340198 1.86862660
4.11261026 1.46039292 1.66627970
4.01665047 3.62954644 -4.23676588
3.99624432 3.98035373 -4.42013435
4.12465163 1.52312812 1.63521029
4.00272411 4.06210458 -4.46280226
4.00651312 4.09375078 -4.47952668
4.05007437 3.82237285 -4.33667267
4.02805822 4.20925105 -4.54198045
4.16370174 1.38958773 1.70254687
4.04045653 4.08997032 -4.47792037
4.17837252 1.40706275 1.69266883
4.07192352 4.23181078 -4.55588732
4.19147064 1.52387652 1.63028306
4.11123300 3.82677330 -4.33989088
4.20318985 1.45438173 1.66546397
4.09478897 4.33024463 -4.61340784
4.09758280 4.27880184 -4.58415230
4.11770144 4.01393149 -4.43841628
4.14005113 3.81021428 -4.33121810
4.21158335 1.58771905 1.59543142
4.18382668 3.93137632 -4.39589658
4.18602927 4.20854508 -4.54557049
4.21984116 3.77870073 -4.31523760
4.30925645 1.07934163 1.84879423
4.22308620 4.25579520 -4.57214712
4.28935622 1.61032906 1.57774300
4.28668663 3.56234529 -4.20247316
4.30867933 1.54019066 1.61753877
4.33335378 1.06550830 1.84772390
4.65815030 -3.18005322 -0.79268304
4.35300960 1.36105832 1.71409421
4.34227811 1.66089659 1.54249474
4.33658118 3.78711641 -4.32201651
4.36262658 1.32497555 1.73343654
4.38642963 1.56246010 1.60234818
4.42281783 1.29234178 1.74839860
4.47341813 3.12869281 -3.97650165
4.42836411 1.59480171 1.58196636
4.53361044 3.13312240 -3.98074819
4.58287042 2.88734745 -3.85126149
4.50711470 1.51296296 1.62054077
4.60770289 3.45067115 -4.14504995
4.53156014 1.58539307 1.58268010
4.54330212 1.39902607 1.68673474
4.54993340 1.42847689 1.66993187
4.62901509 3.47046748 -4.15589620
4.67068570 3.26821479 -4.05185662
4.57806233 1.60982999 1.56646341
4.70315074 3.28249630 -4.05917588
4.61749574 1.61720074 1.55772867
4.71429547 4.27321525 -4.58949379
4.65404267 1.59472753 1.56780977
4.68624233 1.68490712 1.52108822
4.83662230 3.55265398 -4.20393261
4.85387957 3.53544452 -4.19442113
4.73533554 1.64185706 1.54464497
4.77240923 1.15902337 1.78956226
4.95943679 3.37345864 -4.11338546
4.80356566 1.16126309 1.78704309
4.96995434 3.72875220 -4.30333991
4.99806279 3.21442992 -4.03421110
4.82377662 1.14674735 1.78981761
4.85468089 1.49964157 1.61958004
4.85811152 1.64599310 1.54088963
4.85879303 1.62519219 1.55123082
5.09005883 2.90540651 -3.86996176
5.05857886 4.33299677 -4.63626674
4.90469760 1.28493657 1.72799822
4.90492177 1.39960125 1.67278958
5.14789209 3.19002650 -4.02848994
4.93028284 1.47566214 1.63205611
4.92897965 1.67233688 1.52279905
4.94920529 1.36990164 1.68449082
4.95816528 1.21585324 1.75352696
5.26660410 2.63063870 -3.72495986
4.99673974 1.23885480 1.73960491
5.00398896 1.24752759 1.74076104
5.25911445 4.03826794 -4.48327271
5.02301314 1.77820140 1.44644356
5.02652136 1.59549945 1.55809245
5.03872967 1.17020099 1.75899938
5.03828084 1.42538160 1.65300620
5.03848520 1.81826053 1.41830199
5.06472238 1.66117058 1.52166962
5.07117012 1.75559398 1.46220294
5.07944081 1.73027844 1.47950679
5.09242456 1.66724364 1.51792356
5.12974640 1.59433946 1.55608805
5.13740128 1.61178859 1.54570772
5.44063057 4.29971152 -4.63280299
5.51441282 3.09820635 -3.99509781
5.20109684 1.61209071 1.54245069
5.54343866 3.94188245 -4.44246654
5.23808952 1.51829722 1.59610611
5.24751538 1.69544610 1.49616530
5.63232866 2.93948024 -3.90891149
5.25908103 1.73026182 1.47554159
5.26165557 1.54087117 1.58159483
5.29951695 1.70363828 1.48761479
5.33557863 1.69783808 1.48931000
5.35679375 1.27963232 1.71195939
5.41197709 1.62725262 1.52736851
5.43086928 1.81976339 1.41580172
5.45581172 1.61766248 1.53223286
5.45965405 1.63896359 1.52036373
5.50297184 1.25724283 1.71584336
5.53552823 1.64855787 1.51182394
6.03071315 3.68845450 -4.32589193
5.61492686 1.76814698 1.44716051
5.61550583 1.66676437 1.49833121
5.65121182 1.60614159 1.53312708
6.20563573 3.59223897 -4.28555528
5.67917052 1.59978849 1.53551252
6.23378214 3.57005072 -4.27542662
5.73149668 1.70467672 1.47549546
5.75195537 1.83365679 1.40506732
5.77991286 1.75909686 1.44394291
5.82054790 1.82589135 1.40603265
6.46755195 3.11707146 -4.04902502
5.86421475 1.65574049 1.49218533
5.88094230 1.79640421 1.41886100
5.90111770 1.31293439 1.67812407
5.92370616 1.59265976 1.52472724
5.92997517 1.82167849 1.40030895
6.59301587 3.42198747 -4.21746096
6.60486341 3.50789647 -4.26182036
5.95721425 1.67134416 1.47614523
5.96904898 1.65951470 1.48276257
6.62601417 3.33996464 -4.17669440
5.97809209 1.78681406 1.41692345
5.99363551 1.68247983 1.46783508
6.67858979 3.55043767 -4.28819670
6.01071313 1.79368770 1.41014157
6.02341912 1.82040250 1.39346509
6.72432240 3.59690083 -4.31517674
6.11354449 1.84049659 1.37346234
6.84188351 3.16392746 -4.09319036
6.13500107 1.69303564 1.45441976
6.13489790 1.51989036 1.55571819
6.15248295 1.35150765 1.64197111
6.16848024 1.77162238 1.41208951
6.18228516 1.82851136 1.37677183
6.19983315 1.54572488 1.53672346
6.22396342 1.69535432 1.44818694
6.23701834 1.75540564 1.41724870
6.25679095 1.57521926 1.51749087
6.28845561 1.67919575 1.45253058
6.30671475 1.79042016 1.39487558
6.32562905 1.72401517 1.42831556
7.11784443 3.00011230 -4.01992659
6.36516733 1.35493219 1.62255091
6.38533255 1.34820898 1.62297597
6.40248583 1.59002600 1.49998272
6.40176941 1.32923357 1.62658541
6.48565685 1.81202515 1.37695443
6.48279504 1.70565146 1.43245760
7.34267964 3.43836007 -4.26278037
6.48580577 1.65543451 1.45662556
6.50880370 1.77522256 1.39638180
6.51163705 1.72878181 1.42003287
6.52343492 1.71280371 1.42733781
6.51829740 1.35790920 1.60747987
6.53959050 1.70979725 1.42801778
6.60901699 1.84252716 1.35348588
6.74808969 1.61165569 1.46420165
6.77970630 1.82955728 1.35360930
6.77106319 1.45055132 1.54379807
6.82453228 1.72226364 1.40733105
6.82024976 1.33054533 1.59653257
6.84129630 1.74451634 1.39702732
6.94176657 1.45893744 1.52710140
6.97596912 1.61576319 1.44898763
7.03525748 1.56986896 1.46798726
7.07168101 1.35263327 1.56908484
7.09526237 1.33772463 1.57526535
7.13366064 1.66549024 1.41281060
7.21064318 1.64588379 1.41728448
7.22237649 1.71859540 1.38020534
7.25543699 1.81017890 1.33346966
7.28842408 1.80840071 1.33181099
7.26641372 1.36627525 1.55242914
7.30802050 1.78862161 1.34046695
7.38552404 1.77315122 1.34333044
7.53018069 1.76723214 1.33501713
7.54371345 1.78942876 1.32383739
7.55075723 1.83272417 1.30044873
7.58788405 1.76309568 1.33312587
7.64289722 1.46770093 1.48000183
7.68309736 1.68971669 1.36130888
7.74206995 1.86129986 1.26347335
7.71769530 1.34866954 1.53220182
7.85385010 1.70243087 1.34326037
7.94604563 1.71762146 1.33041430
8.15061350 1.60197894 1.36905584
8.18872434 1.65149713 1.33895825
8.23241985 1.67178649 1.32474222
8.26802656 1.63660962 1.33647591
8.30908232 1.61873956 1.33972452
8.40982723 1.32380101 1.48726754
8.40333478 1.20754091 1.54636012
8.45824563 1.17023954 1.55926185
8.70088011 1.42426383 1.40738472
10.65891897 3.50652870 -3.78391852
9.03807620 1.03387584 1.57931964
10.89729702 2.49417561 -3.26842250
9.42144092 1.34160722 1.38792409
-0.26151603 3.63787563 -3.95364647
-0.21789900 3.57349073 -3.92079312
0.72577542 -0.73810296 -1.76960571
0.05807486 3.53853412 -3.94491650
0.75198479 -0.74675638 -1.76260889
0.75274753 -0.72281816 -1.77672133
0.07557416 3.64247891 -3.99169288
0.77990146 -0.74051637 -1.76762717
1.07314492 -2.29463198 -0.99124734
1.05104998 -2.06195536 -1.11389371
0.95082625 -1.33979888 -1.48093120
0.96293185 -1.35770600 -1.47297558
1.18069491 -2.72740465 -0.76884989
0.89586816 -0.74312606 -1.77417882
1.00854598 -1.34104732 -1.48065962
0.96490399 -1.04849011 -1.62693566
1.02836989 -1.38189874 -1.46371924
1.03052633 -1.36306629 -1.47230924
1.05299187 -1.48675469 -1.41414307
1.06055804 -1.33829659 -1.48403865
1.09433901 -1.51208968 -1.40499860
1.12740595 -1.60678242 -1.35719495
0.52973110 2.60207398 -3.48789939
1.14735902 -1.37985776 -1.46798334
0.53354764 3.27008301 -3.85046267
1.07423759 2.56682166 -3.50321832
1.06186214 2.73820726 -3.58797142
1.04971889 3.00977909 -3.74039272
1.12271098 2.64472420 -3.54138625
2.09930009 -1.87592396 -0.60574018
2.34315642 0.45807720 2.26677000
2.24539794 1.22969846 1.83990313
2.11082338 -1.85787113 -0.61435576
2.27445062 1.07005862 1.93045691
2.29247381 1.05066282 1.94219714
2.29734978 1.07425877 1.93154226
2.31684403 1.10027416 1.91543049
2.35461117 0.98559218 1.97859467
1.66143942 2.62389978 -2.92262708
1.66180753 2.66327172 -2.94247370
2.28466538 -2.18004117 -0.46129429
2.37468949 1.24967769 1.83145832
1.77405666 2.20051338 -2.71514450
1.78288820 2.21200709 -2.72120540
2.01896587 2.10821521 -2.68122318
2.02964881 2.51102433 -2.88552565
1.98431344 3.09629264 -3.18205421
1.93823269 3.87601491 -3.58527726
2.08497249 2.61535804 -2.94105555
2.10272093 2.45509397 -2.86099386
2.04707085 3.09529576 -3.18539528
2.04273945 3.27445730 -3.27846713
2.14857865 2.59797907 -2.93780109
2.77975286 0.56977405 2.19528119
2.07401133 3.51215489 -3.40730754
2.88817454 1.35736398 1.75522048
2.40664003 2.57901332 -3.59880793
2.35089124 3.28151711 -3.96436629
3.03685122 -1.93029981 -1.30261027
2.66569970 2.44188898 -3.54262161
2.13581399 1.50231648 1.65480933
3.39624917 0.97671886 1.91879891
5.51797388 3.02924034 -3.70214244
2.75312725 0.54763798 2.15830797
2.38246769 0.33104122 2.27342713
4.60698225 1.64768904 1.46855783
4.89347745 1.85130116 1.33964351
4.01412498 1.48548148 1.59975436
2.70420181 0.23773736 2.27624903
2.67183495 0.28532703 2.28827986
3.23613200 1.54658148 1.58799380
4.33615096 1.09274952 1.75608155
4.94756509 1.47122947 1.56157062
4.37321887 1.45715143 1.59305383
2.07635844 -1.81935193 -0.58151279
4.05847839 -2.34721665 -1.09513258
2.26967165 1.03463726 1.90791760
2.92976244 1.24705316 1.78841218
1.22120884 -1.18623560 -1.47835698
1.78121920 2.71955728 -2.78876576
-1.55311743 2.96374024 -3.46441563
-1.54879409 2.98262413 -3.47695776
-1.53211269 2.97046366 -3.46946940
-1.49211751 3.05669657 -3.50553462
-1.48325737 2.95806925 -3.46117505
-1.33645105 0.30327923 -2.21598373
-1.38396054 1.83802352 -2.92291091
-1.42115921 3.02711208 -3.48954694
-1.24596952 -0.63148489 -1.78372499
-1.28209106 3.02773416 -3.49436122
-1.27723692 3.35247912 -3.66239902
-1.25962741 3.31623660 -3.64146256
-1.24837219 2.95935521 -3.47123324
-1.23834655 2.98795306 -3.48158273
-1.22852925 3.02239170 -3.49536033
-1.22677450 2.94831633 -3.46854161
-1.16556898 0.96900863 -2.51792313
-1.17508397 3.01727618 -3.49833068
-1.07658216 2.18025143 -3.09384648
-0.93464364 -2.03358714 -1.17339176
-0.96145106 -0.27714479 -1.94156169
-1.03960974 2.94308674 -3.47292717
-1.00656554 1.69273708 -2.86843665
-1.02420843 2.96652688 -3.48519108
-0.99739090 2.96636037 -3.48471644
-0.92555225 0.29811419 -2.20265680
-0.99911760 3.87710441 -3.93320052
-0.96095580 3.00713358 -3.50592164
-0.97239744 3.68897921 -3.83865702
-0.95023345 3.67122047 -3.83208649
-0.87309392 0.86500973 -2.46438553
-0.92943471 3.70761129 -3.85361968
-0.91688836 3.18341835 -3.59319611
-0.88055041 1.63264231 -2.83485719
-0.90745755 3.00207520 -3.50904556
-0.89783666 2.82797684 -3.41923053
-0.86072648 1.67061502 -2.85361821
-0.79788654 -1.01525026 -1.59376765
-0.89220938 3.27241131 -3.64181423
-0.89146080 3.24281696 -3.62571520
-0.85797612 1.77932652 -2.90608637
-0.84942713 3.29553275 -3.65163209
-0.74807922 -1.36110471 -1.44530968
-0.82952022 2.87429038 -3.44426390
-0.80812413 1.88769465 -2.95422642
-0.69222415 1.81113778 -2.91858571
-0.71457356 3.60534446 -3.80455930
-0.67591657 2.95506384 -3.48457955
-0.66205910 2.77041912 -3.39475818
-0.66631509 3.32017297 -3.67064207
-0.59469463 -0.71140216 -1.72798438
-0.59697125 0.07826165 -2.09046203
-0.59082167 -0.32577196 -1.90521970
-0.62238275 2.94978168 -3.48586037
-0.58940156 3.59517218 -3.80924050
-0.47713696 -2.40103882 -1.00211010
-0.51245319 3.53573493 -3.78473279
-0.44292757 3.64960544 -3.83785771
-0.41963639 3.00427441 -3.52362640
-0.40974553 2.15603435 -3.07279710
-0.36323998 -2.11359118 -1.13731527
-0.32941575 -3.80959334 -0.38027058
-0.38130442 1.90448479 -2.96294531
-0.36866450 1.66505555 -2.85124236
-0.35558305 0.29780064 -2.18987538
-0.31762386 -0.67325658 -1.74522563
-0.27398754 3.63600863 -3.85509544
-0.24066278 0.28798435 -2.18435690
-0.21042767 3.01135367 -3.53633008
-0.19919151 3.96554401 -4.01997448
-0.13035861 0.15250213 -2.11801244
-0.11645240 -2.74433466 -0.84014675
-0.12680511 2.14171147 -3.07734296
-0.12103692 1.94947704 -2.99474379
-0.07963715 -0.33015441 -1.89685289
-0.01053599 -1.40665066 -1.42265584
0.02369290 -0.05577433 -2.02338321
0.02674867 -3.10351389 -0.67524456
0.03180442 3.54762086 -3.82035189
0.06192278 2.13172300 -3.08494634
0.09030823 2.99368170 -3.52559894
0.10443264 2.32768076 -3.18265974
0.09963484 0.62747930 -2.33647291
0.10871036 0.26767977 -2.17357192
0.12474583 0.60723721 -2.32797975
0.12816099 -1.40680173 -1.42164450
0.23345059 0.26788778 -2.17466067
0.25702555 0.81797699 -2.42976156
0.25151912 -3.76178923 -0.37406918
0.27155467 -2.79837947 -0.80295326
0.31285981 -0.38382095 -1.86732663
0.37658845 3.65826156 -3.88628413
0.33475413 -0.69180716 -1.72798057
0.38057649 2.00003958 -3.02589036
0.36615211 -2.04754065 -1.13734748
0.40538174 0.95816284 -2.50132899
0.43318835 2.91354961 -3.49511282
0.50631324 3.54857808 -3.82658024
0.45986471 0.01857245 -2.05353204
0.49151612 1.32690884 -2.68158242
0.50241805 -2.05144262 -1.12990790
0.52904994 0.00863663 -2.04653150
0.61079104 2.32913779 -3.19100040
0.59409095 1.32687267 -2.67992267
0.54400873 -2.44096600 -0.95490715
0.58762114 -0.70132817 -1.72161637
0.61260504 -0.34469816 -1.88287223
0.64983161 1.27918178 -2.66018678
0.67545173 1.27922932 -2.65995960
0.71634821 1.27402867 -2.65718919
0.74185897 1.26866329 -2.65432525
0.71190423 -1.09394836 -1.54585806
0.72274746 -0.75366592 -1.69433308
0.76758328 1.27416008 -2.65681692
0.73881336 -0.41250184 -1.84787412
0.84347059 1.01089151 -2.52504812
0.80774510 -0.62442179 -1.74727222
0.80896830 -1.29950806 -1.45608169
0.85854284 1.00041223 -2.52091903
0.92430387 1.60054669 -2.81767487
0.90377908 -0.05539101 -2.00940119
0.96913294 1.34333980 -2.68799868
0.95763831 0.32331467 -2.18537784
0.89186726 -3.09108576 -0.65591581
1.02230051 1.96124276 -3.00067497
1.05898564 0.01379058 -2.04111667
1.05674851 -0.06523226 -2.00326972
1.03838893 -0.74866549 -1.69096546
1.10581410 0.94266129 -2.48717557
1.08432000 -0.31523045 -1.88759179
1.07846196 -0.69616030 -1.71076971
1.07986048 -1.35401860 -1.41741504
1.16511332 -0.39311015 -1.84582363
1.20800377 -0.73895232 -1.68427756
1.32926980 2.22221401 -3.12997954
1.28498146 -0.32489804 -1.87654247
1.60560485 2.69969726 -2.78820110
1.58458087 2.22079751 -2.54949613
1.62693936 2.94167242 -2.91193170
1.62308179 2.85685977 -2.86853607
1.62063544 2.10769939 -2.49672933
1.73232590 3.85343455 -3.37495008
1.67413125 2.61118472 -2.74648528
1.74456802 3.88894579 -3.39165444
1.69922325 2.81780055 -2.84980358
1.77289437 4.03283429 -3.46504951
1.79507663 4.05073858 -3.47261379
1.74483763 2.79542007 -2.83855821
1.81383472 3.99103265 -3.44483758
1.78212298 2.28203278 -2.58655684
1.79699035 2.27121734 -2.58178946
1.79538485 2.23856554 -2.56565944
1.85610013 3.14710037 -3.01619132
1.90893009 3.15316516 -3.02073952
1.95303999 3.98576368 -3.44388584
1.89907238 2.86371159 -2.87575620
1.99680151 3.70096216 -3.30291676
2.01631944 4.06414151 -3.48413432
1.97941783 3.29149100 -3.09184000
1.95917299 2.91491733 -2.90322584
1.98597844 3.31465613 -3.10393694
2.01400807 3.43697905 -3.16809850
2.03740260 3.10256446 -2.99847086
2.06267957 3.08564097 -2.99061881
2.01554788 2.23954597 -2.57003486
2.06022042 2.94937756 -2.92237223
2.00769380 2.00214331 -2.45413267
2.10703596 3.67203295 -3.29006541
2.07447415 3.10853838 -3.00243011
2.03886863 2.47486621 -2.68662338
2.06492276 2.84782523 -2.87180164
2.03328430 2.09880294 -2.50083413
2.14978842 4.04143370 -3.47729866
2.10712828 2.67471072 -2.78757469
2.16188525 3.25274086 -3.07837561
2.17550977 3.39176407 -3.14947951
2.13729908 2.65823206 -2.78018818
2.15424924 2.06732547 -2.49049423
2.21407594 2.12189913 -2.52180869
2.50634619 3.59493446 -3.88415801
2.29218464 -2.00879744 -0.52404069
2.67966423 2.42479165 -3.29575755
2.21036369 0.76645258 2.05455655
2.31829915 1.24470227 1.79808987
2.33245833 1.35593856 1.73684112
2.32342278 1.21608174 1.81415133
2.32116648 1.19158709 1.82762388
2.33889412 0.27946296 2.30858367
2.35394338 0.27944233 2.30867423
2.39947466 0.28325575 2.30680570
2.53146234 1.48633081 1.65663625
2.52474562 1.31526034 1.75897614
2.44439038 0.26440148 2.30841990
2.55317189 1.17576233 1.83875997
3.71345522 4.25880411 -4.25784314
2.60499269 1.29095121 1.77020480
2.56469996 0.82239132 2.02695722
3.75061694 4.23426400 -4.24720913
2.64145913 1.29948287 1.76390162
3.85035513 4.32946501 -4.29862312
3.88437220 3.89400955 -4.07669967
3.87411991 3.62565316 -3.94317616
3.91058550 3.93668426 -4.09641626
2.68315063 0.46343536 2.20622435
2.68975063 0.49052211 2.19205731
2.79662324 1.30872961 1.75293443
4.01168699 3.94360859 -4.10135131
2.84408059 1.37153676 1.71267061
2.76119409 0.53791293 2.15850156
2.76672068 0.56446446 2.15012098
2.78385067 0.58392111 2.14098409
4.06080744 3.77785274 -4.01754170
4.05096438 3.68057241 -3.97080408
2.90191485 1.38869378 1.69968310
4.11677288 3.83341348 -4.04623710
2.91484675 1.30536999 1.75098436
2.95312184 1.49894307 1.62478379
2.86493889 0.61926176 2.11854370
2.95541402 1.34309238 1.72637338
4.18608756 3.85813805 -4.05881365
2.97469776 1.36830845 1.70973370
2.93338488 0.63924505 2.10269632
4.25396026 3.71236426 -3.98899452
3.01510085 1.19845097 1.81412632
3.03140856 1.20270859 1.81111403
3.04323045 1.23158652 1.79285104
4.34679355 3.75495731 -4.00787196
3.15909122 1.48754218 1.62594933
3.16939022 1.42413730 1.66816432
3.10136926 0.89243132 1.96937086
3.11466303 0.94424961 1.94483677
3.19133062 1.35705483 1.71070731
3.14792077 0.99644661 1.91807114
3.12212537 0.75798768 2.03114398
3.25169927 1.44543224 1.65446723
3.26440785 1.42441885 1.66794076
3.25958243 1.39085831 1.68865982
3.31923564 1.42040343 1.67042096
3.30913339 1.29519506 1.74634004
4.72286980 4.23903413 -4.25619101
3.30001755 1.14303806 1.83424976
3.26731138 0.86560904 1.97171106
3.30824631 1.17578275 1.81613495
3.32740754 1.20042726 1.80154672
3.29934984 0.97734354 1.91875095
3.32806529 1.11475943 1.84776355
3.39293783 1.43737871 1.66031691
3.36978399 1.27488546 1.75601132
3.31844367 0.86206952 1.96845583
3.32772840 0.83455984 1.97808554
3.39310974 1.27092652 1.75716989
3.35297966 0.96179653 1.92206071
3.41546890 1.39983387 1.68163412
3.40638102 1.30821150 1.73504126
3.36648260 0.86247284 1.96213309
3.40818571 1.18051453 1.80798354
3.36617413 0.81151673 1.97914164
3.39295234 1.03038842 1.88594300
3.40098162 1.06277622 1.86913902
3.39658420 0.99425751 1.90286135
3.37859832 0.81552510 1.97585295
3.42651889 1.19708862 1.79722378
3.42946334 1.16029568 1.81706862
3.39362968 0.85102350 1.96206585
3.41561697 0.95043568 1.92032119
3.43395045 1.00661794 1.89353046
3.42669316 0.90279783 1.93829472
3.43595245 0.91480138 1.93232421
3.45519486 0.98277401 1.90206105
3.53021540 1.49740350 1.61861061
4.33377505 -1.37000363 -1.49181822
5.04752799 4.26632384 -4.27283749
3.51553974 0.90389175 1.92500902
3.54821901 0.86466296 1.93399120
3.68961655 1.49007917 1.61739332
3.69220704 1.34396909 1.69790941
3.68521822 1.26549058 1.73928576
3.71006759 1.41076498 1.66033978
3.71723126 1.43168182 1.64828672
3.74840428 1.47803819 1.62075658
3.76084809 1.42390034 1.64848991
3.76753158 1.44074600 1.63838667
3.76562443 1.40295527 1.66027845
3.79028564 1.40334430 1.65710631
3.84929193 1.55488199 1.57193905
3.81363751 1.28750695 1.71689638
3.84936575 1.33747588 1.68762468
3.87604727 1.43755865 1.63408720
3.87548066 1.43336510 1.63613366
3.87741742 1.36262727 1.67217430
3.91221679 1.51756399 1.58986198
3.89867439 1.39619563 1.65279537
3.93222713 1.48841221 1.60390001
3.93563345 1.42583106 1.63433549
4.01494242 1.50151761 1.59354928
4.04731429 1.46851568 1.60582463
5.75105941 4.37934250 -4.34735047
4.05605707 1.44361544 1.61695413
4.10193583 1.63776358 1.51387965
4.07882874 1.49376559 1.59348358
4.85166687 -2.64778214 -1.03451661
4.09487164 1.46061816 1.60688296
4.04314419 1.02951655 1.81137494
4.12608485 1.59090746 1.54118158
4.12103010 1.47344661 1.59931155
4.15875277 1.53650745 1.56624572
4.11369597 1.04223548 1.79883323
4.17181957 1.43225900 1.61645498
4.19003117 1.47019255 1.59549024
4.22269447 1.60486400 1.52642454
4.21375776 1.46602471 1.59629825
4.27523245 1.66570051 1.48530461
5.28623656 -1.22720633 -1.62581153
6.01339131 3.69307001 -4.00781304
4.34368228 1.57194150 1.53776341
4.37453476 1.60639179 1.51587053
4.43339051 1.71912606 1.44314584
4.35422664 1.25517189 1.69693541
4.34961060 1.07308724 1.76218507
5.24936000 -2.47624974 -1.11320459
4.44481519 1.61126781 1.50975756
4.54337979 1.71551155 1.44057277
4.53213974 1.51544415 1.55097817
4.59675897 1.60059363 1.50035622
4.56405943 1.14696946 1.72311682
4.65397127 1.64789141 1.47342905
4.63698465 1.09812580 1.70607955
4.74481325 1.63151005 1.47959768
4.75360959 1.66112635 1.46545696
4.78210271 1.68286053 1.45289918
4.77877374 1.63620152 1.47469330
4.88132415 1.66628712 1.45866876
4.98989711 1.67159216 1.44924304
4.94826631 1.42194680 1.57903936
5.04666266 1.79835667 1.36883887
5.02450954 1.65500832 1.45446827
5.17633715 1.77273328 1.38239980
5.13223779 1.50753891 1.52606198
-2.22242520 3.02139487 -3.50768400
-1.95188934 0.27827058 -2.21407800
-1.94018738 0.05273332 -2.10578648
-1.83693760 -0.64152515 -1.78195702
-1.89232889 3.00036132 -3.48220619
-1.68709937 1.03202673 -2.54558731
-1.68297428 1.76381323 -2.89321307
-1.62577358 1.02177252 -2.54377471
-1.41143917 -2.78706818 -0.83257643
-1.59713671 2.98784850 -3.47837664
-1.58339753 3.03568285 -3.50637285
