1002 468 201.324503 439.413923
1008 465 207.624114 436.673206
1035 489 229.824463 460.005386
1046 1318 397.591520 1280.810146
1056 1277 410.451441 1240.891624
1075 195 540.001635 170.062864
1075 727 290.053040 694.938631
1081 1311 431.641744 1274.620529
1082 470 280.421441 441.326835
1088 1292 439.836308 1255.864268
1093 1415 435.367886 1377.586256
1101 471 297.820474 442.101031
1120 97 595.072281 72.240597
1126 552 307.249433 521.736797
1142 500 331.135589 470.365979
1145 1320 493.619189 1283.909365
1147 448 582.590008 421.052629
1151 458 585.424222 430.914847
1154 499 342.835546 469.335979
1172 1369 516.643427 1332.788762
1178 643 344.518254 611.327538
1184 1336 530.671812 1300.387577
1190 328 637.526966 301.697919
1194 526 377.041853 495.792626
1199 529 381.400313 498.807104
1224 524 406.377550 493.756191
1226 547 404.383001 516.386957
1227 567 402.079865 536.121296
1237 482 666.704745 454.449893
1238 351 682.060961 324.195945
1240 550 417.388184 519.256480
1241 654 403.253414 621.926821
1241 665 402.003782 632.769299
1244 479 673.852762 451.356325
1246 307 694.756378 280.351763
1252 469 682.692861 441.278506
1261 1324 606.587792 1288.905035
1264 577 436.178256 545.790302
1279 542 456.263856 511.158523
1281 216 739.429399 189.359341
1281 311 728.653896 284.073484
1290 309 737.679731 281.979085
1290 312 737.370521 284.974685
1290 683 446.524112 650.604687
1305 517 485.376460 486.364505
1308 500 491.050655 469.046863
1309 1328 653.346229 1293.297409
1314 582 483.433285 550.582115
1325 239 780.193131 212.036406
1329 224 785.936991 197.053730
1333 500 515.223622 469.327604
1333 53 809.594363 26.405973
1334 495 516.939175 464.316277
1338 504 519.393077 473.283551
1339 1408 676.422823 1373.348080
1340 525 517.661337 493.992304
1343 500 524.874662 469.242260
1345 457 775.312931 429.058946
1349 555 521.597874 523.688619
1354 507 534.406261 476.111535
1354 531 530.147489 499.831649
1355 556 527.352925 524.669106
1357 703 507.188651 670.046940
1361 698 511.696022 665.075943
1363 508 542.977434 477.016571
1363 711 511.918782 677.931537
1369 576 537.444272 544.229358
1373 230 828.612716 202.581562
1374 659 529.578273 626.609068
1378 560 548.677925 528.467220
1380 506 559.813880 474.893376
1388 535 562.371999 503.525254
1401 689 551.356738 656.076398
1410 648 565.917132 615.612653
1415 762 555.182725 728.302694
1424 790 560.436579 755.995479
1425 480 851.383179 451.668714
1438 559 607.250112 527.175601
1444 731 587.330770 697.326675
1449 698 596.491877 664.809247
1452 484 877.370094 455.310299
1458 807 591.545531 772.764983
1461 482 886.400411 453.314648
1461 809 594.315548 774.755708
1465 477 890.893252 448.317678
1467 547 637.202312 515.099522
1469 752 608.923371 718.204059
1469 810 602.239208 775.773458
1474 805 607.241374 770.778838
1475 703 621.228335 669.667576
1481 685 629.504873 651.854081
1483 807 615.854730 772.811544
1485 545 655.268193 512.983577
1490 805 622.893636 770.822545
1497 687 644.900895 653.796162
1498 802 631.090207 767.850763
1500 626 657.218891 593.276266
1504 570 670.071174 537.715346
1504 815 636.862213 780.771027
1508 810 640.390186 775.774627
1509 730 650.954255 696.136932
1515 545 684.718145 512.766305
1515 72 961.951905 43.493172
1516 118 957.303534 89.401664
1519 520 693.093556 488.001501
1522 240 948.675118 211.200734
1522 365 933.884183 336.006177
1523 105 965.822763 76.345519
1523 261 947.133297 232.162930
1524 368 935.487056 338.965698
1525 290 945.751169 261.103101
1525 428 929.451014 398.734427
1526 621 683.624770 588.269615
1527 191 959.358221 162.227895
1528 668 678.248210 634.843074
1528 778 663.557895 744.078890
1529 567 694.963919 534.407288
1530 730 671.742501 696.517202
1532 581 695.941002 548.714005
1533 1505 820.622092 1470.709055
1535 786 669.504141 751.982840
1537 777 672.637918 743.066160
1540 749 679.269813 715.331386
1545 770 681.553622 736.107850
1545 811 677.130012 776.753841
1550 566 716.152131 533.502677
1553 190 985.080442 160.983828
1553 529 725.103322 496.546897
1555 482 952.450723 452.460069
1556 1316 862.257288 1283.272654
1556 819 688.057830 784.724056
1558 752 697.028461 718.262152
1559 587 721.739096 554.446458
1560 362 971.582755 332.650645
1560 449 961.265814 419.546022
1560 580 723.757289 547.280364
1560 603 720.122187 570.286544
1564 711 708.520101 677.400587
1565 672 714.904263 638.732196
1572 717 716.072486 683.484103
1573 201 1003.380318 171.734220
1573 218 1001.224546 188.737137
1576 1676 845.583423 1641.777190
1578 367 988.754699 337.572787
1580 1678 849.346857 1643.850466
1580 218 1008.100611 188.678833
1582 243 1006.892234 213.658049
1582 872 933.314094 841.305057
1583 954 925.141646 923.008484
1587 418 991.235690 388.435152
1587 937 931.026686 906.104129
1587 976 926.785689 944.902223
1591 951 933.453872 920.067989
1592 350 1004.216044 320.486400
1592 841 946.621522 810.417894
1592 944 935.201979 913.092567
1593 822 949.753065 791.474143
1594 833 949.501091 802.445965
1600 739 966.148256 708.623304
1600 789 960.316842 758.763421
1601 621 981.117582 591.003580
1602 674 975.835698 643.801504
1605 714 974.078679 683.731838
1605 806 963.310152 775.423266
1607 788 967.294016 757.544045
1609 1704 875.474358 1670.210737
1609 938 952.683874 907.199454
1614 1711 879.773979 1677.313708
1678 874 985.034058 842.702848
1682 178 1075.873645 147.352288
1687 1014 977.484997 982.421733
1704 742 1026.923359 710.889025
1713 602 1053.072577 570.957806
1723 805 1038.333794 773.862797
1724 672 1055.855552 640.930266
1747 1424 991.721290 1392.292602
1752 1423 996.894571 1391.349038
1753 1421 998.175907 1389.354784
1755 1511 990.435026 1479.108361
1760 877 1066.590601 845.842704
1766 323 1141.124230 291.513827
1784 353 1155.157067 321.527019
1789 874 1096.221300 842.979484
1794 178 1187.668559 146.302629
1796 1339 1049.801358 1307.939728
1865 296 1243.726543 263.792502
1890 307 1267.513566 274.697549
1950 1029 1240.267958 998.926554
2008 303 1387.102389 269.794209
2167 474 1527.776085 440.728851
2168 468 1529.442357 435.043345
2253 1518 1494.590706 1493.355480
2282 128 1689.372792 91.876361
2294 362 1671.592395 327.061970
2310 356 1688.690497 321.102795
2311 238 1704.862595 202.271807
2342 491 1704.811148 457.182827
2346 1104 1636.361537 1076.693801
2350 272 1740.284226 235.920725
2362 553 1718.062650 519.717900
2363 253 1756.076452 217.211273
2369 418 1741.477888 383.391195
2371 1189 1652.103237 1162.691096
2373 1032 1672.476048 1004.052300
2384 419 1756.782207 384.302864
2412 260 1805.620870 223.884484
2429 1189 1711.862252 1162.994227
2432 958 1741.924561 929.394795
2439 1188 1722.228537 1162.051311
2439 321 1825.661582 286.605547
2445 607 1797.009558 574.293273
2446 751 1780.673970 719.859519
2455 1109 1748.031125 1082.315740
2479 1268 1754.368624 1243.419598
2487 1434 1743.644119 1411.251719
2499 316 1888.028718 280.329737
2519 216 1920.729882 178.795333
2523 588 1879.406809 556.130558
2555 953 1869.212601 924.847231
546 142 30.842954 119.985401
551 144 35.499188 121.942935
608 270 78.165781 246.792123
678 75 165.998002 53.067091
707 182 182.849868 159.184305
712 1326 73.629965 1287.022307
731 200 204.438095 176.913224
747 1408 100.746043 1367.690916
781 1308 141.241305 1269.592882
812 450 20.650267 422.452023
819 444 27.916578 416.469186
840 560 33.187688 530.474620
841 446 48.876752 418.373962
844 412 57.157399 384.882027
849 445 56.760548 417.274688
853 516 50.964435 487.201659
859 449 66.069471 420.787494
860 457 65.957820 429.130447
861 555 53.515779 525.641954
868 437 76.380316 409.335358
869 454 75.015977 426.149232
870 468 73.859321 439.898602
874 564 64.972454 534.302898
874 571 65.500010 541.431274
877 645 91.330878 614.243613
881 420 91.351009 392.569251
883 302 341.408406 277.556574
890 421 99.987919 393.521130
890 574 79.920898 544.232215
892 428 100.649272 400.246594
898 577 87.302421 547.199317
900 665 118.973218 633.915681
907 579 95.720341 549.268352
910 448 115.239187 420.091820
918 415 127.277354 387.047092
928 447 132.652698 419.055564
930 430 136.548141 402.293285
931 441 136.164009 413.126318
942 442 146.635095 414.058133
944 207 410.693502 182.807798
946 227 410.536888 202.615559
958 447 161.215980 418.876779
959 590 143.761439 559.852836
964 443 167.579927 414.933287
964 446 166.974900 417.884592
965 457 166.717009 428.761034
967 437 171.154945 409.021027
976 433 180.292288 405.024020
979 440 182.252214 411.860943
983 441 185.946297 412.864901
986 350 436.357131 324.353726
991 343 441.980087 317.567701
991 464 190.970225 435.301574
994 436 197.210543 407.756149
997 1362 346.286880 1324.259513
997 1403 342.710941 1364.885843
1557.021371 502.194852 731.657594 471.633445
1576.131765 519.337999 749.105949 488.045265
1380.371718 729.689065 522.255815 689.572422
1398.067083 810.149848 533.088818 775.820333
1564.501940 821.695653 696.579935 787.302299
1361.319112 506.049262 541.381277 475.030537
1131.521446 489.032341 323.387070 459.509920
1550.314841 1261.564909 863.243982 1227.649689
1513.073747 1261.564909 824.557806 1228.400876
1229.363243 573.933336 403.407929 543.150961
1844.697918 259.705893 1227.423319 226.700542
1972.686433 945.603114 1274.268011 915.663703
1972.506239 482.005177 1328.459304 449.363879
1323.616815 237.525416 778.530147 210.358435
1575.548243 1682.530029 844.374751 1648.392947
1678.390306 1183.267230 948.777474 1151.180207
1487.896312 678.515832 636.907396 646.015984
885.499990 534.373879 80.047447 504.970228
1589.515840 577.176952 751.417815 544.022343
1384.763032 830.319939 526.144180 797.412153
1384.958915 845.402958 533.057415 811.029130
1385.568133 862.853301 542.874398 829.578260
1386.696480 885.138159 552.341995 851.353733
1388.389001 902.345454 559.916073 867.448648
1402.493342 918.424402 581.218166 883.543564
