1001 288 209.474379 176.757642
1002 285 211.151812 173.528895
1005 287 213.709790 175.781866
1013 272 223.944313 161.332040
1014 289 222.184015 178.420282
1024 781 151.504782 665.870759
1025 488 199.671649 376.632800
1026 277 235.913222 167.105311
1036 971 133.011681 853.837511
1052 277 261.892667 168.651159
1055 222 274.678645 114.166909
1058 228 276.487457 120.340587
1058 289 266.221066 181.051940
1060 284 268.910589 176.138755
1062 278 271.792081 170.270063
1062 291 269.967196 183.232180
1062 651 209.742671 539.925941
1072 279 281.767977 171.922842
1086 426 270.772062 318.857652
1093 1273 143.345075 1154.105680
1096 898 203.677110 785.315784
1097 292 304.797969 186.450712
1097 515 267.168064 407.514084
1100 288 308.496419 182.622811
1105 288 313.437868 182.945534
1106 782 231.942108 671.650797
1109 135 343.813165 31.083223
1112 281 321.631807 176.449309
1113 166 342.353577 62.034935
1117 169 345.895185 65.287065
1119 671 262.696103 562.919090
1121 163 351.037205 59.748293
1121 251 335.774130 146.949703
1121 526 288.900132 419.827444
1122 282 331.617568 178.092044
1123 312 327.294002 207.766843
1125 519 294.059575 413.116480
1126 1052 208.459275 938.642752
1126 236 343.517217 132.436948
1126 241 342.597662 137.335274
1126 499 298.410586 393.360251
1134 232 352.075400 129.001998
1135 1126 206.137065 1011.999820
1136 304 341.656429 200.671745
1136 479 311.484574 374.309484
1158 493 330.991759 389.511677
1160 180 386.888550 78.933754
1165 290 372.858210 188.620162
1167 322 369.388025 220.449452
1168 228 386.809759 127.117879
1169 988 260.866301 878.137141
1171 826 288.705127 718.677404
1171 908 275.586946 799.614737
1175 291 382.775512 190.242469
1183 182 409.796274 82.310760
1189 1356 224.952484 1241.321499
1197 192 422.161991 93.198733
1210 173 438.257164 74.979164
1213 282 422.537597 183.442956
1213 430 395.611762 330.519908
1214 1291 259.971896 1178.893186
1218 1687 203.289911 1568.740978
1218 476 393.343061 376.044972
1220 520 388.077566 419.743419
1220 782 344.185495 678.408194
1226 980 318.481837 873.708336
1241 176 469.537881 79.948199
1243 784 366.602658 681.639805
1252 281 461.829904 184.861813
1255 122 492.959883 26.903762
1265 811 383.846398 709.632566
1266 1435 288.370233 1323.558319
1267 433 449.228374 336.353060
1268 468 444.743458 371.100218
1275 909 378.047424 806.616581
1289 1136 356.655634 1030.836047
1296 853 407.845805 752.780516
1297 1519 305.843588 1407.966654
1297 191 522.978994 98.145770
1303 435 485.155202 340.621217
1308 284 516.871953 191.096337
1311 400 499.180517 306.348401
1311 717 444.617912 619.612092
1313 788 435.224474 689.808016
1316 721 448.970051 623.789933
1318 1136 385.277802 1032.659546
1338 788 460.051929 691.218995
1342 680 481.620380 584.906284
1347 1677 330.640173 1566.172089
1350 1448 368.661589 1341.308664
1355 920 455.257210 822.310898
1360 173 589.239995 84.058546
1360 984 450.051481 885.496102
1364 459 541.878760 367.809538
1369 1277 413.854746 1174.294735
1371 653 515.091803 560.049010
1372 298 578.437960 208.896071
1384 191 609.742045 103.413135
1384 838 497.272305 743.163477
1387 583 542.875301 491.789123
1398 1278 442.097192 1177.020986
1398 840 510.713494 745.971457
1407 400 594.902452 311.926898
1407 583 562.660022 492.947405
1408 1366 438.267967 1264.168776
1412 986 501.137234 890.567259
1416 912 516.877872 817.968538
1418 592 572.201277 502.561772
1423 592 577.156843 502.835445
1431 593 584.924366 504.256591
1436 594 589.706105 505.560332
1439 1069 514.798629 973.827695
1440 997 526.959328 903.053174
1441 593 594.841099 504.793016
1442 926 540.215989 833.260509
1457 643 602.079317 555.059517
1457 970 547.845908 877.462449
1460 1113 528.768553 1018.497975
1460 645 604.759217 557.247453
1470 532 634.123418 446.273620
1474 853 583.626529 763.193803
1480 580 635.689962 494.165512
1483 777 604.975804 688.821004
1486 1517 491.576508 1417.310867
1487 466 662.638964 381.931767
1505 839 616.645939 751.252881
1505 855 613.982425 766.997737
1505 996 591.278977 905.908307
1509 656 651.294662 571.059975
1512 906 612.627658 817.697635
1513 985 600.774958 895.592442
1517 1125 582.667586 1033.638351
1529 922 626.613559 834.560790
1540 994 625.771151 906.099333
1544 419 727.493447 338.791007
1553 908 652.672519 822.108909
1602 319 776.927271 241.985317
1602 406 761.326813 328.171838
1604 276 786.793095 199.500645
1604 291 784.042392 214.373251
1610 427 765.705430 349.398076
1616 119 827.482452 44.551834
1616 335 788.107256 258.649543
1618 113 830.519676 38.708391
1619 298 797.758397 222.177530
1622 89 838.933545 15.135456
1626 86 843.411955 12.336898
1628 302 805.999582 226.668048
1630 96 845.666539 22.578621
1640 395 801.440117 319.431413
1643 397 804.097117 321.595768
1643 403 803.028561 327.538885
1646 240 835.211490 166.274334
1656 239 845.426316 165.884592
1656 97 871.490996 25.097349
1657 290 837.199205 216.456052
1667 145 873.802758 73.354322
1667 84 884.875275 12.859342
1668 215 861.819341 142.808261
1668 281 849.872271 208.176905
1669 211 863.563239 138.910647
1673 190 871.494104 118.319623
1681 248 868.856536 176.271765
1686 251 873.326763 179.530349
1686 403 846.037878 330.018925
1687 275 869.981345 203.343244
1687 447 839.269241 373.587008
1688 150 893.909209 79.572054
1688 247 876.060423 175.688257
1688 360 855.713628 287.590400
1689 293 868.731423 221.303558
1691 429 846.402632 356.046800
1692 88 909.288212 18.325294
1699 324 873.211108 252.583944
1703 222 895.718601 151.792892
1704 198 901.140367 128.051216
1705 327 878.691148 255.891819
1715 435 869.486026 363.384955
1726 425 882.428931 354.147505
1749 185 975.967343 118.981494
1796 1284 803.908693 1205.796520
1796 385 987.340841 319.841592
1869 641 744.264448 564.948850
1886 522 787.824393 448.781843
1887 495 795.015568 422.221625
1888 529 788.190612 455.762674
1888 535 786.818793 461.660897
1914 767 761.532094 691.437897
1918 767 765.500498 691.687724
1930 766 777.639970 691.415415
1934 464 849.621198 394.343192
1937 505 842.550066 434.872901
1942 771 789.149731 697.108189
1948 539 845.475053 468.935357
1956 79 1203.372808 26.459791
1958 511 862.267347 441.993139
1960 627 837.775410 556.328062
1963 83 1209.723907 30.857101
1967 509 871.826475 440.518678
1979 68 1228.563707 16.995404
1993 138 1229.887475 87.064888
1996 182 1225.062282 130.827809
1997 131 1235.067068 80.406648
2000 719 858.086398 649.342997
2001 712 860.621066 642.475523
2006 507 911.634786 440.783937
2015 130 1253.312751 80.473230
2016 492 925.511111 426.557297
2018 700 880.926955 631.423205
2019 693 882.987995 624.777765
2023 688 887.989242 620.065715
2027 157 1260.447798 107.975521
2027 173 1257.664413 123.879785
2030 488 940.678553 423.413003
2036 148 1271.100487 99.564716
2036 508 941.634153 443.460383
2039 462 956.758692 398.322673
2043 679 910.212879 612.397118
2045 499 952.990881 435.097646
2048 144 1283.825819 96.354414
2049 493 958.581929 429.410856
2060 674 928.697668 608.435903
2063 168 1294.670278 121.032551
2065 534 964.252866 470.723957
2069 533 968.531865 469.939056
2071 526 972.322836 463.184632
2079 161 1311.831664 115.029061
2091 465 1008.381513 404.276536
2096 480 1009.352376 419.289404
2096 610 978.776055 547.447241
2098 597 983.438225 534.732741
2104 496 1013.212944 435.516747
2105 584 993.255210 522.314969
2105 644 980.939051 581.526608
2116 475 1030.634881 415.528971
2120 480 1033.330457 420.670170
2120 488 1031.310458 428.545924
2134 481 1047.068064 422.449896
2136 511 1041.597211 452.130170
2136 83 1383.092675 41.507024
2139 548 1035.741729 488.758535
2139 617 1021.081964 556.887887
2140 540 1038.594325 480.901274
2144 534 1044.050436 475.242693
2144 589 1031.825714 529.548513
2147 555 1042.282715 496.134626
2152 477 1066.037946 419.552236
2152 516 1056.549452 457.987467
2152 618 1034.249168 558.639273
2155 625 1036.081662 565.707949
2158 517 1062.394781 459.322474
2158 593 1045.309698 534.295741
2159 486 1070.904963 428.835240
2160 508 1066.592346 450.591944
2164 618 1046.713861 559.401164
2165 539 1064.233933 481.428620
2165 631 1045.624133 572.208724
2166 576 1057.084603 517.967682
2167 568 1059.847200 510.108456
2168 585 1057.247262 526.973209
2168 630 1048.931217 571.433705
2169 535 1069.282458 477.719517
2171 544 1069.238054 486.717882
2171 621 1053.529192 562.751887
2174 596 1061.238637 538.210721
2177 582 1067.128419 524.557092
2178 608 1063.130062 550.326740
2180 605 1065.766292 547.485470
2183 588 1072.106823 530.846769
2184 463 1101.940746 407.603411
2191 1126 1256.321649 1076.121308
2193 79 1441.023021 40.985170
2200 608 1086.123274 551.624453
2209 618 1093.820034 562.071217
2224 465 1141.895533 411.909910
2230 500 1139.803664 446.771425
2231 519 1136.560360 465.574358
2232 484 1145.567842 431.078036
2233 479 1147.763068 426.228029
2239 468 1156.464878 415.745600
2244 481 1158.625846 428.846852
2245 477 1160.616588 424.957722
2246 486 1159.448027 433.919332
2252 486 1165.683140 434.274810
2261 450 1183.154605 399.283825
2262 514 1169.535743 462.467391
2269 502 1179.447263 451.068963
2272 478 1187.881095 427.524575
2272 479 1187.667736 428.528205
2275 496 1186.961403 445.525232
2278 459 1198.302749 409.091482
2279 488 1192.888556 437.838008
2284 466 1202.847141 416.344632
2287 481 1202.685949 431.384680
2304 463 1223.804698 414.619804
2313 471 1231.416943 423.111470
2314 62 1566.026169 32.099286
2316 477 1233.231901 429.226416
2320 431 1247.603746 384.011181
2320 465 1239.702462 417.550078
2324 1405 1349.881763 1359.654492
2325 473 1243.229184 425.798217
2327 578 1223.567230 529.598927
2328 442 1252.951315 395.339283
2331 470 1249.979155 423.149362
2338 455 1260.332460 408.792921
2344 575 1241.708895 527.699343
2345 480 1262.122696 433.835584
2348 471 1267.222915 425.092107
2351 439 1277.244133 393.719107
2354 472 1273.106143 426.530239
2361 425 1291.107769 380.464588
2379 1094 1452.420324 1056.305905
2379 173 1611.385959 145.828477
2382 447 1306.976173 403.537230
2388 439 1315.074693 395.987565
2397 413 1330.958806 370.826365
2397 523 1305.605118 479.447868
2401 568 1301.973255 524.133599
2403 1366 1435.016662 1325.735785
2405 438 1332.616542 396.023128
2424 414 1358.140546 373.555423
2430 461 1353.253014 420.187259
2442 441 1370.195178 401.327731
2452 550 1357.101488 509.570792
2454 430 1384.861309 391.144511
2469 563 1374.622956 523.154149
2477 434 1407.237550 396.443024
2478 427 1409.696384 389.616857
2484 422 1416.935375 384.968729
2485 433 1415.679566 395.926976
2509 426 1441.350788 390.506978
2535 425 1468.182694 391.165100
2536 484 1456.092550 449.420919
2542 396 1482.778710 362.878217
2544 429 1476.589590 395.685493
2575 402 1514.570901 370.873268
2577 464 1502.361307 432.172879
877 279 88.815201 159.880760
901 786 29.597726 663.568031
901 831 22.237810 707.988682
915 973 13.379032 848.713371
938 282 148.088932 166.611956
960 639 110.711567 521.945663
967 502 140.219460 386.600309
972 641 122.390442 524.612498
986 1444 11.495315 1316.263753
993 284 202.334386 172.156258
996 276 206.887907 164.217909
1833.695205 459.967758 750.168295 384.195910
2168.914034 589.052744 1056.679931 531.366812
2305.971992 284.635545 1519.401557 251.008488
2015.872881 697.454772 878.975643 628.745106
1923.929347 753.518454 775.015561 678.765710
2441.978301 430.033028 1373.140959 390.719840
2501.956220 383.685021 1445.427956 348.301722
2304.242898 466.927656 1223.355151 418.422747
2009.224226 777.484355 858.163646 709.237988
2001.290313 765.491230 850.073609 695.399767
2108.218056 451.176744 1029.197717 391.614011
2397.111462 563.173190 1298.839371 518.974546
2534.285929 471.996699 1456.393093 437.558689
2393.653501 474.682991 1312.925937 431.044084
1747.020198 1243.433947 760.939837 1158.013801
2153.234499 1339.645497 1186.445103 1285.267838
1878.185731 573.777755 768.659087 499.322130
2041.800637 522.031311 943.767135 457.654848
1545.661221 1088.614114 616.050004 1000.363230
1635.944569 314.808814 810.967139 240.639901
