1012 331 318.315639 410.441268
1022 348 325.847831 426.723302
1035 351 337.999849 429.341651
1036 427 329.855002 503.562299
1038 362 339.639350 439.831959
1044 333 348.615296 411.137450
1045 60 610.676307 132.095965
1053 15 622.242168 87.383272
1054 361 354.975612 438.361003
1073 205 626.139705 274.076520
1084 340 385.927681 416.643383
1111 371 408.002168 446.038146
1123 121 681.389467 189.317415
1124 340 423.886752 415.315072
1127 371 423.423060 445.589739
1127 373 423.202945 447.464475
1137 353 434.656802 427.576435
1157 358 453.499786 431.826433
1170 145 725.376228 211.173195
1174 375 467.800957 447.838652
1175 134 731.155143 200.098971
1179 139 734.638750 204.887241
1180 78 740.752386 144.528535
1195 1327 660.002396 1375.184847
1197 372 490.278369 443.995772
1208 361 501.771488 432.864031
1212 116 768.840666 180.786693
1213 359 506.722493 430.688169
1249 162 801.371541 224.907408
1250 155 802.923086 217.930186
1260 148 813.304796 210.604699
1265 174 816.137041 236.147191
1273 55 833.849747 117.974869
1280 21 843.616668 84.022028
1290 150 842.665200 211.345467
1292 72 851.087504 134.033618
1298 1315 762.083491 1361.854081
1298 434 580.713928 501.340549
1299 188 848.326698 248.763004
1301 258 844.382445 317.895535
1323 206 870.497867 265.576263
1335 333 627.517390 400.648708
1337 348 627.577317 415.365818
1340 240 884.375317 298.583595
1343 256 885.928384 314.412188
1344 243 888.052032 301.444838
1357 352 646.543223 418.517737
1359 356 648.072476 422.365369
1368 356 656.789028 422.040384
1389 338 679.229260 403.535832
1391 348 679.904315 413.340414
1393 150 944.026700 207.337987
1394 208 940.241940 264.704933
1397 170 946.285417 226.997020
1399 340 688.803098 405.120885
1434 358 720.846820 421.565415
1445 338 734.193707 401.333389
1452 289 990.777532 343.002615
1453 278 992.740417 332.037666
1454 113 1007.598714 168.067247
1455 367 740.388749 429.580045
1461 458 735.805733 519.203287
1462 251 1004.087131 304.774938
1466 65 1023.578314 119.972616
1476 362 761.351461 423.822736
1481 371 765.173297 432.540727
1496 393 777.328295 453.811207
1497 379 779.850127 439.896097
1505 376 788.107036 436.676061
1510 392 791.187639 452.243625
1521 356 806.779171 416.244313
1531 391 812.094076 450.502537
1540 398 820.229049 457.068629
1544 414 822.071649 472.784201
1550 390 831.024033 448.677881
1558 354 843.885147 412.659700
1559 387 840.246649 445.341264
1562 38 1121.622085 89.196904
1586 364 870.035568 421.491640
1587 27 1147.501944 77.176982
1589 397 869.089347 454.086222
1598 432 873.407794 488.429150
1610 378 892.100646 434.440759
1620 1362 1077.590910 1404.139109
1625 391 905.557266 446.762666
1626 396 905.996120 451.681123
1631 381 912.600166 436.625521
1638 445 911.690387 499.872516
1648 375 930.174792 430.041763
1648 451 920.939278 505.417888
1656 398 935.636638 452.458873
1662 403 941.064125 457.252352
1693 418 970.275985 470.949459
1695 380 976.208946 433.130449
1698 652 1001.134416 701.504331
1700 421 976.878237 473.652321
1702 306 1238.520213 350.360775
1714 440 988.241829 492.021925
1724 417 1001.519423 468.752972
1729 257 1269.705477 300.559931
1730 166 1278.679261 209.667948
1733 173 1281.104202 216.553748
1741 268 1280.877238 311.068237
1750 266 1290.108115 308.722650
1750 269 1289.861489 311.715813
1753 423 1029.918251 473.639867
1754 426 1030.484991 476.562629
1758 543 1019.587173 592.829084
1760 416 1038.437995 466.435569
1763 438 1037.940529 488.176347
1776 518 1040.357464 567.230133
1781 422 1058.608505 471.625302
1795 408 1075.931776 456.977638
1797 509 1062.475448 557.605735
1798 434 1073.826316 482.843356
1802 433 1078.174363 481.768291
1812 420 1091.440754 468.334210
1822 417 1102.237074 464.963649
1825 475 1095.132533 522.739075
1826 421 1105.682966 468.830102
1828 555 1088.077810 602.336563
1849 447 1123.458680 493.872446
1855 448 1129.380065 494.660629
1857 444 1131.978263 490.592597
1870 473 1140.945470 519.088746
1870 485 1139.145204 531.059588
1872 480 1141.919225 526.012432
1874 466 1146.004469 511.936737
1879 441 1155.255325 486.711528
1886 499 1153.235948 544.462381
1890 449 1164.564522 494.381464
1899 553 1159.421750 597.904310
1913 557 1173.106865 601.443433
1915 421 1443.238762 457.585989
1917 460 1190.283587 504.335318
1918 467 1190.317751 511.324865
1920 593 1176.094191 637.190664
1923 475 1194.255203 519.150020
1926 581 1183.416530 624.943824
1927 570 1185.699331 613.940254
1927 585 1183.969598 628.886889
1929 524 1193.198406 567.883622
1945 269 1486.042146 304.198221
1954 481 1224.862872 523.944856
1958 589 1214.833077 631.865310
1962 508 1229.000207 550.719841
1962 575 1220.467918 617.724798
1963 524 1227.780063 566.691216
1965 546 1226.851138 588.622996
1983 510 1250.106598 551.993779
1989 606 1244.205891 647.856279
1991 566 1250.866091 607.764919
1991 598 1247.172720 639.810035
1992 609 1246.893399 650.743626
1993 613 1247.453472 654.735768
1995 616 1249.142587 657.693511
2003 570 1262.569503 611.370469
2006 260 1522.873200 293.659168
2007 256 1524.255794 289.636969
2011 553 1272.631285 594.080179
2019 611 1273.948758 651.862232
2025 400 1529.805089 433.410733
2027 553 1288.836000 593.510504
2034 226 1553.957523 258.502113
2042 480 1314.194174 519.768704
2043 483 1314.740404 522.750747
2049 534 1313.625701 573.666497
2051 543 1314.460781 582.619602
2052 164 1577.657923 195.646846
2056 186 1579.694258 217.547701
2057 483 1328.892086 522.227073
2058 566 1318.641338 605.468288
2059 611 1314.271497 650.548496
2060 575 1319.558435 614.419102
2061 343 1571.335816 374.925430
2062 509 1330.259061 548.147091
2074 630 1327.212831 669.109101
2078 638 1330.369012 677.044722
2085 653 1335.631117 691.911797
2088 517 1355.654289 555.270325
2089 520 1356.279554 558.267373
2094 587 1352.542795 625.347271
2098 649 1349.235115 687.454832
2108 489 1379.945375 526.402592
2110 346 1620.390932 376.115282
2114 619 1368.846889 656.843584
2123 568 1384.576483 605.280948
2128 657 1378.737286 694.565564
2132 514 1401.114511 550.674149
2136 497 1407.476359 533.465612
2142 594 1400.491647 630.838164
2143 496 1414.783117 532.204769
2144 718 1388.287177 755.373230
2146 616 1401.730470 652.765220
2149 652 1400.706428 688.886589
2153 500 1424.504534 535.837739
2157 750 1398.419850 787.162909
2159 743 1401.052622 780.093075
2164 609 1421.075140 645.145869
2177 752 1418.679831 788.587612
2178 588 1438.395847 623.503028
2183 720 1428.063560 756.269562
2183 753 1424.709558 789.460793
2197 662 1448.617348 697.404473
2200 720 1445.530807 755.721581
2202 693 1450.442192 728.481153
2203 729 1447.668732 764.698212
2212 735 1456.332421 770.504207
2213 693 1461.795617 728.159556
2215 754 1457.491404 789.499911
2216 732 1460.801196 767.383022
2217 1623 1625.375153 1660.014373
2220 642 1474.698490 676.527604
2231 736 1475.953226 770.958220
2232 1637 1639.656570 1673.992404
2232 770 1473.577843 805.212222
2235 1616 1644.227836 1652.928411
2243 717 1490.365582 751.438488
2246 754 1489.588754 788.630465
2252 709 1500.561343 743.084749
2255 767 1497.706964 801.475157
2257 746 1501.802771 780.247484
2262 746 1507.002450 780.077779
2270 676 1522.810229 709.264638
2282 523 1555.055538 554.469503
2288 325 1764.685830 349.322480
2290 753 1535.659218 786.314164
2296 633 1555.410599 664.982610
2322 212 1810.402018 234.294528
2331 849 1759.704803 877.229774
2339 216 1827.464189 237.567104
2353 51 1857.790038 70.789641
2494 583 1954.109019 603.068357
485 107 68.319213 198.724310
490 128 71.686279 219.028372
508 118 89.844731 208.614806
677 1247 167.077201 1304.493847
717 424 28.061403 510.775296
722 376 38.678467 463.783208
724 40 303.133677 124.548497
726 378 42.223414 465.537685
744 24 323.667987 108.140389
746 331 67.867552 419.304023
750 20 329.728952 104.026810
753 93 326.859206 175.569414
755 378 69.582226 464.740990
764 125 334.904646 206.635751
767 340 85.696528 427.451117
769 328 89.525000 415.636240
769 61 344.652703 143.537360
772 68 346.994410 150.324579
777 24 355.325113 106.953341
777 368 91.423495 454.344906
778 24 356.287032 106.915816
778 67 352.821309 149.159702
781 379 93.876503 464.920267
782 143 350.716973 223.720014
782 35 359.233781 117.572458
783 375 96.276490 460.915307
785 30 362.510171 112.540034
786 44 362.345409 126.238204
788 22 366.067797 104.577639
788 370 101.610657 455.928787
788 49 363.832077 131.081555
789 67 363.342784 148.758930
790 110 360.957180 190.940729
793 49 368.626466 130.914827
793 88 365.559101 169.248241
794 362 108.147100 447.931662
799 87 371.367199 168.056607
801 16 379.018833 98.182174
802 19 379.774534 101.075474
806 91 377.758757 171.729854
808 27 384.848937 108.692472
810 17 387.607318 98.784215
811 62 384.839737 142.995063
814 19 391.261286 100.628467
817 30 393.197025 111.374804
817 353 130.780492 438.458848
824 100 394.222387 179.938809
826 408 132.934927 491.613764
828 31 403.648888 111.950084
831 101 400.832506 180.652589
845 98 414.509757 177.152267
846 323 162.326261 408.183469
851 95 420.528557 174.007915
901 183 461.507408 258.677550
909 341 219.004196 423.846557
923 115 488.035966 190.999345
923 22 495.710636 99.395327
930 343 238.515200 425.015633
935 124 498.818213 199.437122
944 67 512.202983 142.982311
945 151 506.281668 225.656118
953 196 510.591109 269.576349
957 111 521.149516 185.778254
964 56 532.456026 131.320418
965 119 528.233828 193.352825
966 215 521.661547 287.795915
967 309 278.306084 390.722239
967 319 276.811464 400.316010
973 342 279.624156 422.523625
975 320 284.345731 400.996512
977 335 284.227354 415.572267
980 201 536.348334 273.520821
980 334 287.209431 414.486996
985 326 293.118774 406.484992
989 330 296.397337 410.262959
791.032352 376.522061 104.600228 461.789190
1223.704631 305.083161 524.128935 377.625903
1241.680882 315.586140 540.036526 387.089914
1674.964714 398.017310 954.515357 451.918288
1622.017372 477.986312 892.395250 533.350569
1605.968913 407.148884 885.023698 463.428022
1297.424548 357.343115 588.502671 426.253512
1727.737931 426.027750 1004.481940 477.647223
1880.932535 446.110362 1155.184716 491.841521
1672.878690 499.160241 940.199250 552.063430
1815.063501 529.874823 1078.237311 577.420719
1365.639145 362.977832 654.045340 428.230446
1141.086693 422.095426 431.089907 495.489852
1098.464975 347.771185 398.642843 423.353516
1935.209292 1287.342373 1397.816608 1323.674964
2035.667617 1294.244089 1504.220260 1326.181729
1956.685177 251.006409 1497.624700 286.544732
1535.989372 1320.523907 996.427334 1363.810347
2276.548379 470.588301 1557.021371 502.194852
2297.301707 488.574519 1576.131765 519.337999
2133.885901 691.917290 1380.371718 729.689065
2159.062100 772.556913 1398.067083 810.149848
2317.767817 788.658221 1564.501940 821.695653
2086.899154 467.769026 1361.319112 506.049262
1855.732609 442.064306 1131.521446 489.032341
2111.602912 1224.481647 1550.314841 1261.564909
2077.706576 1224.773856 1513.073747 1261.564909
1964.992057 531.482365 1229.363243 573.933336
2358.254710 238.665054 1844.697918 259.705893
2544.388437 922.107953 1972.686433 945.603114
2502.313056 463.592392 1972.506239 482.005177
1777.235574 196.324734 1323.616815 237.525416
2169.651468 1644.529379 1575.548243 1682.530029
2278.734400 1150.432841 1678.390306 1183.267230
2233.051148 644.658778 1487.896312 678.515832
1615.424197 479.369824 885.499990 534.373879
2318.451996 546.835192 1589.515840 577.176952
2136.213198 792.616736 1384.763032 830.319939
2131.722667 807.210960 1384.958915 845.402958
2124.054544 827.566276 1385.568133 862.853301
2115.973899 847.498532 1386.696480 885.138159
2110.586803 863.659821 1388.389001 902.345454
2116.512609 881.437238 1402.493342 918.424402
