1833.695205 459.967758 750.168295 384.195910 31.471300 385.007248
2168.914034 589.052744 1056.679931 531.366812 312.572837 519.466915
2305.971992 284.635545 1519.401557 251.008488 1044.932217 226.156560
2015.872881 697.454772 878.975643 628.745106 127.244778 622.359570
1923.929347 753.518454 775.015561 678.765710 19.122464 674.684869
2441.978301 430.033028 1373.140959 390.719840 645.331780 366.880664
2501.956220 383.685021 1537.380642 342.078899 724.440061 321.769727
2304.242898 466.927656 1223.355151 418.422747 491.257335 400.930242
2009.224226 777.484355 858.163646 709.237988 102.486474 702.281483
2001.290313 765.491230 850.073609 695.399767 90.334095 688.590829
2108.218056 451.176744 1029.197717 391.614011 303.457588 382.200604
2397.111462 563.173190 1298.839371 518.974546 557.134071 498.090468
2534.285929 471.996699 1456.393093 437.558689 724.617131 410.718906
2393.653501 474.682991 1312.925937 431.044084 580.220704 410.458341
1747.020198 1243.433947 760.939837 1158.013801 197.199363 1160.743833
2153.234499 1339.645497 1186.445103 1285.267838 638.621559 1269.138389
1878.185731 573.777755 768.659087 499.322130 33.264820 497.784111
2041.800637 522.031311 943.767135 457.654848 208.858884 450.920873
1545.661221 1088.614114 616.050004 1000.363230 90.911607 1000.623640
1635.944569 314.808814 810.967139 240.639901 310.647543 244.659593
