-1.226327 2.243292 -4.283874 1.899011
-1.182324 2.168460 -4.250328 1.827145
-1.125193 2.155219 -4.196487 1.815470
-1.120574 1.820997 -4.231814 1.488487
-1.111978 2.106821 -4.189115 1.769216
-1.085708 2.234381 -4.149689 1.895596
-1.082420 3.437500 -2.994950 3.123221
-1.047448 3.636215 -2.944508 3.320570
-1.041687 2.111172 -4.121238 1.775537
-0.958696 2.797854 -2.925039 2.496655
-0.909952 2.203468 -3.984496 1.870920
-0.791281 2.067048 -3.886557 1.741177
-0.739172 3.168004 -2.682315 2.869810
-0.734244 2.203376 -3.816624 1.876377
-0.721008 2.067017 -3.818375 1.743005
-0.721005 2.058222 -3.819330 1.734749
-0.677120 2.146167 -3.768887 1.822249
-0.589273 2.124143 -3.685564 1.803345
-0.532511 3.062052 -2.488210 2.772962
-0.514593 2.049356 -3.622226 1.732690
-0.510553 3.110549 -2.462855 2.821739
-0.492962 3.088493 -2.447458 2.800589
-0.488671 3.357593 -2.421130 3.066788
-0.422415 -2.131333 -2.775564 -2.346216
-0.413595 2.062525 -3.522973 1.749413
-0.365298 2.110893 -3.472316 1.798330
-0.347939 3.189885 -2.297012 2.906546
-0.343343 2.119685 -3.450474 1.807868
-0.185289 2.987025 -2.153359 2.711729
-0.180895 3.017883 -2.146585 2.742471
-0.136947 3.048743 -2.100938 2.774676
-0.114975 2.934131 -2.088264 2.662075
-0.079785 3.459050 -2.011274 3.183065
-0.048989 3.609201 -1.968570 3.332859
-0.005099 3.039935 -1.971686 2.771178
0.003746 3.384016 -1.935234 3.112052
0.029919 -2.078527 -2.325712 -2.286602
0.029885 1.789936 -3.123418 1.496307
0.034427 2.872448 -1.946493 2.606246
0.043162 2.564122 -1.963383 2.301809
0.139868 2.793161 -1.848824 2.532029
0.192436 2.234077 -2.917792 1.939100
0.201203 2.168095 -2.917411 1.874315
0.214518 2.643423 -1.787570 2.386586
0.227675 2.572973 -1.780646 2.316892
0.232087 2.630217 -1.771381 2.373967
0.289033 2.150526 -2.833789 1.860296
0.297811 2.132935 -2.827020 1.843350
0.337338 2.132948 -2.788610 1.844716
0.429604 2.212163 -2.689870 1.925991
0.438370 2.168177 -2.686824 1.882836
0.447614 3.040107 -1.525744 2.788154
0.451858 2.784481 -1.542066 2.535450
0.465142 2.951948 -1.515697 2.701516
0.473524 2.203385 -2.647681 1.918945
0.627223 2.124284 -2.506436 1.846361
0.675598 2.212294 -2.447801 1.935296
0.706497 2.427945 -1.319546 2.190561
0.710926 2.476371 -1.310963 2.238800
0.715928 3.203498 -1.246380 2.960906
0.719449 2.084753 -2.420343 1.810975
0.745576 1.684682 -2.440019 1.416851
0.750567 2.595283 -1.261203 2.358734
0.768917 3.415388 -1.176346 3.172926
0.811719 2.106806 -2.328100 1.836174
0.833659 2.067235 -2.311227 1.797800
0.899491 1.970527 -2.257613 1.704176
0.903929 2.032100 -2.246593 1.765363
0.939088 2.045321 -2.210277 1.779480
0.961004 1.974970 -2.196637 1.710996
1.009465 2.133352 -2.128234 1.869246
1.053279 1.979440 -2.104668 1.718544
1.092802 1.948688 -2.068850 1.689630
1.110322 1.878345 -2.060669 1.620520
1.136777 1.983909 -2.021408 1.726473
1.172083 2.142299 -1.965023 1.884813
1.176342 1.997138 -1.980861 1.741100
1.191473 3.535188 -0.745325 3.308320
1.295118 2.098427 -1.849974 1.845838
1.301603 3.583971 -0.631563 3.361295
1.308160 1.953281 -1.853985 1.702515
1.347574 1.799405 -1.834854 1.551521
1.400564 2.036950 -1.752898 1.788794
1.444911 -2.286310 -0.938341 -2.471052
1.466452 1.979835 -1.693689 1.734559
1.470825 1.957847 -1.691740 1.712934
1.492883 2.023855 -1.662771 1.779100
1.523360 1.742415 -1.666531 1.501084
1.567672 2.050339 -1.585549 1.807977
1.567302 1.716078 -1.625864 1.476682
1.602734 1.949199 -1.561458 1.709400
1.629096 1.927236 -1.537588 1.688309
1.765368 1.861420 -1.409181 1.628005
1.774381 2.028603 -1.383236 1.794229
1.786449 0.833006 -1.273170 0.615333
1.796146 1.848262 -1.380165 1.616106
1.805656 2.354368 -0.231276 2.157671
1.857634 1.764771 -1.330188 1.535345
1.901760 1.865991 -1.271925 1.637566
1.924870 2.570399 -0.094320 2.376770
1.930061 2.971582 -0.054875 2.776968
1.943210 2.940734 -0.044223 2.746636
1.977616 2.522031 -0.045255 2.330531
2.017262 2.530916 -0.004711 2.340856
2.017237 2.517698 -0.005795 2.327686
2.029347 1.839768 -1.147167 1.616014
2.033730 1.826577 -1.144671 1.603169
2.050729 1.312130 -1.192289 1.092448
2.060200 1.870606 -1.109764 1.647654
2.073272 1.773844 -1.111898 1.552117
2.130059 1.422111 -1.101125 1.204834
2.152608 1.844341 -1.021164 1.624801
2.214343 1.906033 -0.945117 1.689136
2.222544 1.461787 -1.004020 1.247067
2.227382 1.791656 -0.954312 1.575475
2.245002 1.796081 -0.935220 1.580190
2.289126 1.853345 -0.876989 1.639198
2.333191 1.866615 -0.829586 1.653990
2.346027 1.611467 -0.860687 1.400161
2.350782 1.849041 -0.814449 1.636993
2.358808 1.259696 -0.891552 1.050600
2.451924 1.734797 -0.736361 1.526933
2.478352 1.730437 -0.710363 1.523463
2.487192 1.748051 -0.698961 1.541332
2.544279 1.620547 -0.659558 1.416136
2.544202 1.567758 -0.667448 1.363556
2.553047 1.589766 -0.655275 1.385722
2.561952 1.651370 -0.637356 1.447547
2.584161 1.761408 -0.596771 1.558356
2.614622 1.506273 -0.605578 1.304675
2.632587 1.726283 -0.555894 1.524649
2.671604 1.268846 -0.578382 1.069994
2.733291 1.251331 -0.518314 1.054446
2.743019 1.849707 0.667574 1.686463
2.751539 1.678072 -0.442981 1.480900
2.755898 1.647275 -0.442826 1.450196
2.763967 1.093059 -0.505183 0.897508
2.777888 1.612108 -0.425537 1.415820
2.790476 1.145856 -0.473052 0.951267
2.794941 1.194234 -0.463038 0.999573
2.794865 1.128271 -0.470623 0.933957
2.804021 1.396568 -0.430148 1.201791
2.876837 2.519612 0.856035 2.361164
2.914567 1.585927 -0.291181 1.394745
2.931545 1.110835 -0.335170 0.920871
2.949669 1.467173 -0.273013 1.277150
2.949261 1.172430 -0.310444 0.982946
2.953974 1.396782 -0.278365 1.207014
2.962660 1.300009 -0.282436 1.110713
3.042310 1.458516 -0.180374 1.271552
3.068216 1.036223 -0.206263 0.850671
3.077256 1.212180 -0.177037 1.026667
3.077082 1.071420 -0.193243 0.885990
3.081439 1.023043 -0.194468 0.837996
3.085833 1.005455 -0.192010 0.820473
3.094644 0.992270 -0.184598 0.807490
3.130192 1.194653 -0.125674 1.010838
3.146291 2.560034 1.017945 2.407697
3.150759 2.577690 1.024039 2.425409
3.165605 1.269495 -0.081514 1.086749
3.200593 1.014379 -0.075737 0.833086
3.228647 1.943157 1.047884 1.792954
3.236242 1.269595 -0.010394 1.089253
3.270464 2.710411 1.154757 2.562638
3.303014 1.591007 0.100934 1.413097
3.307407 1.577807 0.103330 1.399999
3.333524 1.353356 0.098414 1.176392
3.342296 1.313760 0.102075 1.137080
3.350953 2.984410 1.259330 2.839698
3.368305 2.887309 1.268156 2.743192
3.369252 1.577922 0.165451 1.402307
3.373066 1.212586 0.120414 1.036762
3.377222 1.014585 0.101220 0.838861
3.381844 1.172993 0.124435 0.997466
3.388315 2.194716 1.230610 2.050300
3.391135 1.463495 0.171435 1.288466
3.443390 0.931067 0.158008 0.757395
3.461024 0.895889 0.171856 0.722565
3.491885 0.829926 0.194944 0.657314
3.505968 1.428476 0.282901 1.257201
3.510365 1.415276 0.285643 1.244040
3.532003 1.120392 0.269195 0.949506
3.549352 0.847584 0.254648 0.676881
3.594612 1.551931 0.389561 1.384012
3.604943 2.182072 1.446259 2.045291
3.620228 0.979676 0.340735 0.811253
3.660332 1.204208 0.409812 1.037626
3.681940 0.812518 0.384122 0.645685
3.700539 1.442036 0.482465 1.277432
3.718377 1.516940 0.510417 1.353022
3.744194 1.089876 0.479649 0.925435
3.749353 1.521406 0.542498 1.358570
3.752467 0.544156 0.426010 0.378819
3.761757 0.993057 0.485068 0.829178
3.774840 0.834620 0.480548 0.670623
3.793563 1.503875 0.585174 1.342627
3.809887 0.403382 0.470473 0.239315
3.818751 0.434189 0.482029 0.270341
3.841434 1.023977 0.569988 0.862642
3.898374 0.394625 0.559393 0.233067
3.903524 1.116523 0.646046 0.957676
3.925013 0.535473 0.600590 0.374899
3.924926 0.390237 0.585858 0.229236
3.987211 0.790830 0.690846 0.633269
4.000265 0.535526 0.677262 0.377312
4.009215 0.654384 0.698836 0.496869
4.013520 0.495920 0.686643 0.337916
4.053354 0.469535 0.724671 0.312439
4.057923 0.654427 0.748676 0.498288
4.066592 0.385907 0.729753 0.229073
4.071076 0.482752 0.744290 0.326139
4.084071 -3.446281 1.470737 -3.600812
4.089163 0.879003 0.805364 0.724933
4.137503 0.465185 0.810805 0.310454
4.150952 -3.508627 1.533767 -3.662738
4.141855 0.315509 0.800367 0.160120
4.163799 -3.415675 1.553705 -3.569663
4.190726 0.548873 0.874089 0.396132
4.203915 0.385977 0.870662 0.232898
4.230636 0.584129 0.918859 0.432805
4.243770 0.328760 0.906301 0.176527
4.252681 0.421227 0.924290 0.269695
4.274842 0.421240 0.947121 0.270441
4.310559 0.729527 1.016581 0.581275
4.364836 1.403698 1.158470 1.261045
4.393881 2.277159 2.081278 2.164075
4.398968 0.390484 1.072952 0.243081
4.426090 0.919079 1.159810 0.775718
4.546798 2.776991 2.283624 2.671191
4.580778 -0.032302 2.057614 -0.156075
4.622265 2.759630 2.358788 2.656932
4.688135 3.490352 2.494471 3.393373
5.306655 1.141022 2.914315 1.048947
-3.550546 3.235959 -5.397802 2.838291
-3.528099 3.143072 -5.382371 2.748362
-3.448681 3.186976 -5.301717 2.794063
-2.699583 -1.781620 -4.955468 -2.040592
-2.523360 1.835674 -5.571985 1.459754
-2.501674 2.046874 -5.525257 1.667109
-2.496181 3.528625 -4.355620 3.161639
-2.484044 2.038042 -5.509444 1.659316
-2.408184 3.599106 -4.264880 3.233820
-2.396320 2.244802 -5.395870 1.863135
-2.381777 3.616717 -4.238088 3.251899
-2.367707 3.294130 -4.249473 2.935604
-2.356354 2.037839 -5.387628 1.662485
-2.318890 3.152734 -4.213280 2.798190
-2.303791 2.205021 -5.316395 1.826910
-2.295074 2.257839 -5.299522 1.879027
-2.297542 3.435297 -4.171189 3.076879
-2.284242 3.404340 -4.160689 3.046831
-2.262698 3.598715 -4.124576 3.238459
-2.259577 2.081702 -5.290555 1.708102
-2.258290 3.598704 -4.120314 3.238607
-2.257811 3.408692 -4.134891 3.051876
-2.241899 2.033266 -5.279509 1.661391
-2.239406 3.073116 -4.142943 2.722466
-2.240534 3.550039 -4.107056 3.191420
-2.233123 2.050856 -5.268881 1.679038
-2.227368 3.572104 -4.092633 3.213615
-2.222805 3.510222 -4.093109 3.153042
-2.214235 3.607431 -4.077019 3.248764
-2.211149 2.072827 -5.245213 1.700982
-2.213937 3.488107 -4.086434 3.131600
-2.209337 3.408574 -4.088283 3.053459
-2.204488 3.218682 -4.098122 2.867092
-2.191903 3.488053 -4.065197 3.132250
-2.191494 3.315785 -4.078107 2.962863
-2.184795 2.107997 -5.216239 1.736198
-2.165069 3.320140 -4.052401 2.968029
-2.157006 3.633810 -4.019763 3.276808
-2.152566 3.620538 -4.016361 3.263997
-2.134191 3.302407 -4.024032 2.951689
-2.126038 3.585112 -3.993744 3.230216
-2.117332 3.629292 -3.981709 3.273985
-2.112455 3.430432 -3.993169 3.078558
-2.099684 3.620408 -3.965491 3.265761
-2.086348 3.571758 -3.956722 3.218202
-2.083640 2.147460 -5.115713 1.777719
-2.054817 3.262498 -3.950997 2.915145
-2.043719 1.905405 -5.105499 1.543138
-2.037872 3.567226 -3.910430 3.215470
-2.023978 3.258018 -3.921723 2.911883
-1.962351 3.271134 -3.861242 2.927124
-1.956234 2.279328 -4.975907 1.910926
-1.935957 3.284324 -3.834657 2.940917
-1.715179 2.895706 -3.652155 2.566523
-1.679041 2.199744 -4.724026 1.841082
-1.618849 3.195475 -3.535827 2.864848
-1.619555 3.606132 -3.503309 3.269398
-1.586699 2.190838 -4.637442 1.835686
-1.565981 3.155681 -3.488051 2.827444
-1.526773 3.407200 -3.429720 3.076539
-1.521807 3.036517 -3.454710 2.711624
-1.486343 2.838071 -3.435105 2.517814
-1.469268 3.212894 -3.389564 2.887427
-1.438830 3.455635 -3.340395 3.127750
-1.434020 3.177545 -3.358161 2.853892
-1.429065 2.754267 -3.385987 2.437336
-1.424201 2.340297 -4.461409 1.986454
-1.424156 2.296284 -4.467915 1.944158
-1.397683 2.195045 -4.455179 1.846187
-1.388986 2.291847 -4.434509 1.941064
-1.380131 2.225829 -4.434858 1.876786
-1.367575 2.815886 -3.321297 2.500107
-1.366950 2.230217 -4.421653 1.881536
-1.345007 2.265400 -4.395559 1.916753
-1.327410 2.247781 -4.380985 1.900054
-2.197762 2.044106 -5.231842 1.675078
-0.296363 2.356874 -3.374118 2.041412
-0.217406 2.310651 -3.303803 1.999571
1.686144 1.949222 -1.478496 1.711709
1.452962 1.597333 -1.751224 1.354033
1.382708 1.908720 -1.783887 1.661376
0.027396 2.126967 -3.089620 1.826698
1.918156 1.826301 -1.258887 1.598470
2.592642 1.738933 -0.597075 1.535817
1.676488 1.504465 -1.541092 1.271674
2.301967 1.370095 -0.934786 1.160021
0.326959 2.102255 -2.800655 1.817495
-0.659062 1.842338 -3.784041 1.523171
-0.846391 2.169246 -3.928177 1.841217
2.832503 -1.959960 0.468313 -2.116813
3.276046 -1.991348 0.935778 -2.128139
2.928626 2.599094 0.907002 2.438913
1.075369 -2.103366 -1.294887 -2.293809
4.341182 1.634694 1.167248 1.490718
4.433058 1.555611 1.251163 1.415447
3.707825 0.658892 0.391280 0.491533
3.818966 0.304131 0.468921 0.138441
4.522081 0.233487 1.199613 0.087789
3.501512 1.645248 0.307812 1.473398
2.481621 1.756560 -0.700968 1.548188
3.610973 -1.684755 1.138098 -1.844085
3.461115 -1.685716 0.974459 -1.843955
2.962714 1.363876 -0.271414 1.175212
4.707423 2.659785 2.434531 2.559513
5.530277 -0.355001 2.995827 -0.456802
5.345024 1.668277 2.996206 1.581639
2.137852 2.838284 0.142542 2.654300
3.874519 -3.540607 1.251510 -3.699932
4.350416 -1.360073 1.700788 -1.500357
4.146963 0.867365 0.863307 0.716219
1.423976 1.591227 -1.781529 1.349559
4.526356 1.298964 1.309811 1.161385
3.717879 0.215840 0.410532 0.049928
3.698010 0.151630 0.411392 -0.016259
3.664097 0.062080 0.414066 -0.092835
3.628376 -0.025602 0.419022 -0.190628
3.604572 -0.096690 0.426454 -0.266141
3.630784 -0.174897 0.488361 -0.336708
