-1.269816 1.640874 -4.802309 1.772625
-1.243467 1.654042 -4.774378 1.784639
-1.124811 1.548505 -4.675590 1.681475
-1.076879 -2.092046 -3.933246 -1.933095
-1.032828 -1.911686 -3.875938 -1.757038
-0.949940 2.841911 -3.306499 2.956544
-0.948850 0.503364 -4.406842 0.645938
-0.923099 -2.061154 -3.782593 -1.905440
-0.918443 1.631895 -4.451430 1.763270
-0.892303 -1.977569 -3.746170 -1.822707
-0.870661 -2.518830 -3.767347 -2.359360
-0.835008 1.627466 -4.374316 1.759664
-0.752433 3.273892 -3.064681 3.387879
-0.725132 1.271599 -4.331763 1.408615
-0.654950 1.499990 -4.226456 1.634740
-0.642002 -2.100607 -3.508809 -1.945720
-0.633062 1.728471 -3.115741 1.849642
-0.615486 1.684520 -3.103160 1.806204
-0.602269 1.504369 -4.174665 1.639164
-0.523485 -2.316158 -3.407638 -2.160863
-0.496816 0.872006 -4.166103 1.013778
-0.470736 -2.170937 -3.345356 -2.017943
-0.444378 2.256068 -2.874544 2.374811
-0.426653 1.385733 -4.023041 1.522296
-0.404703 1.372553 -4.003733 1.508981
-0.294969 1.394503 -3.893308 1.531012
-0.286183 1.293487 -3.901941 1.431372
-0.281788 1.205658 -3.911973 1.344498
-0.237915 1.579002 -2.744692 1.702036
-0.233561 2.154859 -2.678031 2.275288
-0.224733 1.280309 -3.844419 1.418635
-0.220331 0.823703 -3.906236 0.966792
-0.220330 0.775420 -3.911704 0.919083
-0.207187 1.592181 -2.713221 1.715599
-0.198438 2.348431 -2.622479 2.468325
-0.172069 1.636118 -2.674345 1.759880
-0.132565 -2.118104 -3.010280 -1.966652
-0.119394 1.161743 -3.761171 1.301686
-0.053555 1.315443 -3.672672 1.453987
-0.044681 2.749075 -2.426502 2.869021
-0.044715 2.330832 -2.473098 2.451625
-0.005186 2.339636 -2.433359 2.460775
-0.005187 2.326435 -2.434695 2.447580
-0.005302 0.696417 -3.714865 0.840398
0.060577 1.425254 -3.544267 1.562910
0.073754 1.499933 -3.519348 1.639104
0.078235 -2.135717 -2.804172 -1.985594
0.100053 1.139800 -3.552387 1.280280
0.148617 2.647807 -2.246725 2.768646
0.166209 2.713876 -2.221562 2.834653
0.183499 1.499948 -3.412615 1.637672
0.184044 3.467941 -2.119019 3.587720
0.187892 1.521914 -3.405081 1.659719
0.205445 1.482380 -3.394178 1.620225
0.210090 -2.487819 -2.703168 -2.337967
0.214208 1.390135 -3.401664 1.529087
0.227398 1.499956 -3.370013 1.637971
0.236217 1.688889 -2.266622 1.813057
0.253692 1.258383 -3.384078 1.398371
0.275681 1.469214 -3.327892 1.607661
0.275659 1.363793 -3.346511 1.503296
0.280028 1.253996 -3.358672 1.394018
0.288719 0.608657 -3.446914 0.754640
0.306276 0.630603 -3.427039 0.776484
0.315190 1.464830 -3.290061 1.603613
0.315048 0.573548 -3.426010 0.719951
0.341465 1.166181 -3.314016 1.307891
0.359528 2.687521 -2.033612 2.809920
0.363350 0.801790 -3.348286 0.945577
0.380986 1.236450 -3.264550 1.377167
0.389824 1.473635 -3.215791 1.612831
0.424911 1.346258 -3.204303 1.486818
0.481837 0.670125 -3.252089 0.815910
0.521371 0.850103 -3.188036 0.993772
0.543249 0.349746 -3.235001 0.498367
0.582744 0.226870 -3.211779 0.376627
0.587439 1.587932 -1.931855 1.713225
0.644392 1.240915 -3.006252 1.382488
0.670555 0.485810 -3.093326 0.634450
0.692526 0.630656 -3.053040 0.777359
0.705995 1.570407 -1.817570 1.697097
0.731982 0.152272 -3.074600 0.302879
0.745523 1.579213 -1.777877 1.705833
0.745151 0.143495 -3.062388 0.294127
0.763101 1.601193 -1.758146 1.727783
0.771744 1.293668 -2.874307 1.435427
0.780289 0.393656 -2.998100 0.542636
0.780269 0.139107 -3.027463 0.289645
0.802220 0.161052 -3.005423 0.311588
0.806663 0.608730 -2.944004 0.755925
0.833022 0.687748 -2.907592 0.834194
0.841731 0.152276 -2.967464 0.302646
0.850791 1.302486 -2.794716 1.444629
0.872463 0.161055 -2.936450 0.311378
0.903270 0.678984 -2.839754 0.825607
0.907587 0.174223 -2.900340 0.324427
0.916521 0.946794 -2.785720 1.091576
0.934183 1.192717 -2.729370 1.335789
0.933928 0.117169 -2.874897 0.267649
0.951492 0.139114 -2.859361 0.289599
0.955921 0.490244 -2.812967 0.639514
0.982545 1.302548 -2.664990 1.445419
0.984434 3.384740 -1.447929 3.510886
0.988575 3.181737 -1.468074 3.308211
1.000172 1.412384 -2.628243 1.554283
1.014345 2.643974 -1.505277 2.771105
1.013826 2.093764 -1.569656 2.221596
1.019439 3.239135 -1.430673 3.365789
1.018645 2.551491 -1.511940 2.678751
1.022603 2.080575 -1.562595 2.208565
1.027309 2.423814 -1.517860 2.551283
1.026790 1.816726 -1.588859 1.945654
1.030708 0.968790 -2.669440 1.113472
1.036567 2.859897 -1.458576 2.986916
1.039420 0.762432 -2.692940 0.908793
1.039321 0.279570 -2.757359 0.428832
1.043988 1.205945 -2.619755 1.350208
1.048135 0.490261 -2.721409 0.637792
1.057135 1.144461 -2.615383 1.287303
1.063099 -2.915832 -2.068856 -2.765793
1.070057 0.244459 -2.731161 0.394096
1.078844 0.283963 -2.717374 0.433267
1.092035 0.406868 -2.688222 0.555110
1.113980 0.314693 -2.678127 0.463824
1.113965 0.134732 -2.697551 0.285259
1.136233 1.210384 -2.526467 1.354080
1.150911 2.864444 -1.345447 2.992254
1.149505 1.372930 -2.487248 1.516524
1.158428 1.579459 -1.487567 1.709335
1.163300 -2.083545 -1.884381 -1.940054
1.162273 0.099620 -2.649430 0.250236
1.171086 0.393712 -2.610028 0.542198
1.175721 1.118167 -2.501774 1.261983
1.180840 2.107112 -1.403952 2.236190
1.180506 1.724523 -1.448947 1.854008
1.180130 1.148914 -2.492922 1.293476
1.180080 1.047899 -2.508823 1.192364
1.197477 0.573700 -2.559532 0.721696
1.201920 0.744922 -2.531540 0.891582
1.232610 0.547369 -2.526273 0.694949
1.238811 2.816076 -1.264912 2.944761
1.238712 2.741160 -1.274307 2.869823
1.253448 -3.671065 -1.960487 -3.520664
1.259938 2.085193 -1.328458 2.214460
1.271076 -3.679939 -1.943928 -3.529790
1.269498 2.741201 -1.244073 2.870047
1.278150 2.631068 -1.249268 2.759975
1.276477 -0.133023 -1.570960 0.001709
1.280933 -0.492992 -1.606901 -0.356954
1.299281 1.860920 -1.317363 1.990708
1.298486 -0.418364 -1.581034 -0.282740
1.298533 -0.589585 -1.599701 -0.453068
1.316073 -0.479831 -1.570383 -0.344038
1.321561 2.160052 -1.260574 2.289586
1.320398 0.003053 -1.512508 0.137288
1.320458 -0.449100 -1.562698 -0.313415
1.324792 0.086456 -1.498759 0.220441
1.329184 0.038170 -1.499862 0.172280
1.355588 0.450816 -1.426810 0.584118
1.355553 0.231319 -1.452378 0.364020
1.360167 0.968935 -1.361246 1.100537
1.364460 0.736199 -1.384349 0.868696
1.377583 0.560578 -1.392009 0.693385
1.377512 0.156694 -1.439221 0.290890
1.386306 0.235712 -1.421735 0.369368
1.399008 -3.795163 -1.829089 -3.646061
1.395138 -0.422777 -1.485904 -0.287533
1.421095 -3.826174 -1.810217 -3.677426
1.698318 -0.141845 -1.343804 -0.004422
1.718596 2.918238 -0.946272 3.051942
1.738079 -0.756637 -1.377050 -0.617724
1.812668 0.437758 -1.159924 0.574113
1.852549 1.052691 -1.045286 1.188442
1.896165 0.161125 -1.109789 0.297705
1.900738 0.745219 -1.032969 0.881191
2.004240 -2.560298 -1.315695 -2.419218
2.026251 -2.555933 -1.292951 -2.415040
2.030637 -2.547128 -1.287310 -2.406254
2.040280 -2.944000 -1.321769 -2.801674
2.058913 -0.155066 -0.985734 -0.018195
2.087261 2.279979 -0.659117 2.416694
2.166296 2.148028 -0.597423 2.284593
2.186507 -0.141908 -0.855672 -0.005628
2.211908 2.919277 -0.454850 3.056280
2.219337 -2.186252 -1.060148 -2.047779
2.523674 2.399764 -0.208434 2.538607
2.633795 2.351539 -0.103944 2.490598
2.896040 -0.823377 -0.223545 -0.689986
3.154603 2.370437 0.421407 2.512320
3.855760 1.618542 1.038947 1.760777
3.860245 1.644987 1.046286 1.785776
4.241638 -2.982317 0.894137 -2.864302
4.370800 3.147743 1.751818 3.298314
4.419967 2.113920 1.671721 2.261440
4.491077 2.140634 1.746986 2.287782
4.497449 2.661849 1.819048 2.811407
4.631454 1.545389 1.817122 1.689160
4.648525 -1.155994 1.515637 -1.031888
4.670119 2.512285 1.974730 2.663382
4.719676 1.272173 1.875123 1.414294
4.728253 2.596500 2.044445 2.745991
4.752291 1.867795 1.978881 2.013967
4.760439 -1.531111 1.585118 -1.409804
4.767916 -0.838797 1.674205 -0.712915
4.818954 1.863582 2.046240 2.010056
4.946092 2.566472 2.262657 2.717039
5.018355 -1.531794 1.847914 -1.411384
5.029816 -0.512887 1.979455 -0.385156
5.062844 -1.527501 1.893511 -1.407285
5.065171 2.297294 2.350374 2.440788
5.088267 1.034723 2.222281 1.174750
5.091952 0.399707 2.149958 0.535112
5.133205 -1.179035 2.006699 -1.056943
5.242063 -1.881331 2.035364 -1.765276
5.280747 -2.615489 1.989355 -2.504091
5.332592 2.320474 2.625370 2.469050
5.423833 2.763368 2.770809 2.917231
5.435861 1.119213 2.585244 1.254978
5.577732 -0.491368 2.539705 -0.365373
-3.280400 3.080380 -5.566688 3.187897
-3.258285 3.071475 -5.545872 3.179106
-3.005096 2.514817 -5.352948 2.625399
-2.698628 3.374537 -4.966315 3.481133
-2.569493 2.901814 -4.888982 3.010841
-2.545998 -2.129108 -5.370822 -1.964851
-2.463539 2.822177 -4.792686 2.931970
-2.392520 -2.490016 -5.251466 -2.320861
-2.242043 -2.049356 -5.069784 -1.886879
-2.105084 1.720754 -5.606156 1.849909
-2.074322 1.747104 -5.573860 1.876233
-1.981472 1.237111 -5.548930 1.372736
-1.977545 1.738200 -5.480451 1.867514
-1.964521 1.887714 -5.444071 2.015340
-1.942366 1.742559 -5.445355 1.872256
-1.924472 1.430420 -5.470245 1.563557
-1.898372 1.724924 -5.403854 1.856609
-1.893938 1.689744 -5.404235 1.819767
-1.889160 1.259010 -5.458448 1.393850
-1.858852 1.777648 -5.358115 1.907039
-1.854378 1.702895 -5.363951 1.832806
-1.849920 1.641340 -5.368912 1.772110
-1.831983 1.219425 -5.407353 1.355508
-1.831962 1.188672 -5.404932 1.324046
-1.818585 0.863619 -5.289359 1.002617
-1.801769 1.852346 -5.291728 1.980867
-1.793599 2.371553 -4.183344 2.484909
-1.762193 1.847907 -5.253283 1.976536
-1.761627 1.175445 -5.340723 1.311544
-1.753369 1.817116 -5.250242 1.946826
-1.726459 1.162244 -5.307851 1.298382
-1.717469 0.775744 -5.166302 0.915679
-1.686901 1.153434 -5.270383 1.289173
-1.674155 1.729101 -5.185063 1.858999
-1.639125 1.874170 -5.131994 2.004725
-1.595041 1.733427 -5.107645 1.863337
-1.586317 1.808162 -5.090557 1.937280
-1.581879 1.759794 -5.092115 1.889463
-1.533531 1.755356 -5.045557 1.885208
-1.525864 2.789644 -3.878041 2.902203
-1.516952 2.701504 -3.878421 2.814721
-1.463200 1.733318 -4.980698 1.863747
-1.458402 1.104991 -5.056703 1.242049
-1.436849 1.750881 -4.952475 1.881066
-1.436839 1.737693 -4.955125 1.868050
-1.432408 1.689336 -4.956129 1.820056
-1.423687 1.777248 -4.936672 1.907111
-1.384154 1.794803 -4.896138 1.924629
-1.370949 1.764019 -4.887342 1.894432
-1.353371 1.759610 -4.870923 1.889953
-1.340515 2.159794 -3.762509 2.277168
-1.318568 2.190572 -3.737730 2.307022
-1.318152 1.658486 -4.848329 1.790893
-1.305057 1.781555 -4.820971 1.912349
-1.292362 -2.285838 -4.160848 -2.125306
-1.292539 -2.466342 -4.177240 -2.304594
1.167248 1.490718 -2.458531 1.626049
1.251163 1.415447 -2.381636 1.553781
0.391280 0.491533 -3.380356 0.668729
0.468921 0.138441 -3.332374 0.289520
1.199613 0.087789 -2.611910 0.238903
0.307812 1.473398 -3.297119 1.612366
-0.700968 1.548188 -4.260877 1.682659
1.138098 -1.844085 -1.879763 -1.695401
0.974459 -1.843955 -2.049910 -1.698894
-0.271414 1.175212 -3.906049 1.313538
2.434531 2.559513 -0.280073 2.701947
2.995827 -0.456802 -0.074344 -0.324569
2.996206 1.581639 0.163603 1.722432
0.142542 2.654300 -2.254064 2.776058
1.251510 -3.699932 -1.965877 -3.549916
1.700788 -1.500357 -1.503510 -1.358949
0.863307 0.716219 -2.874996 0.859829
-1.781529 1.349559 -5.340572 1.484792
1.309811 1.161385 -2.371192 1.307674
0.410532 0.049928 -3.362990 0.194608
0.411392 -0.016259 -3.332483 0.134744
0.414066 -0.092835 -3.289173 0.053204
0.419022 -0.190628 -3.247419 -0.042510
0.426454 -0.266141 -3.214026 -0.113250
0.488361 -0.336708 -3.120115 -0.183971
