1000 574 252.021243 563.862238
1033 397 306.070567 387.706531
1037 409 307.947762 399.464276
1040 552 293.652475 540.714465
1046 140 577.642592 135.390563
1047 422 315.849234 411.909829
1047 560 300.093844 548.321628
1050 70 586.757253 65.419222
1053 68 589.957660 63.365130
1061 538 316.034161 526.160979
1061 563 314.230471 550.834227
1068 569 321.643319 556.427823
1072 416 341.196866 404.939966
1074 434 340.881770 422.953398
1079 561 332.719604 548.153219
1081 423 349.190721 411.590335
1081 436 347.395313 424.267737
1119 431 385.847049 417.996782
1119 443 384.411400 429.823625
1128 422 395.838104 408.667740
1141 447 405.841857 432.926957
1145 431 411.808808 416.944426
1154 418 422.347710 403.678436
1156 416 424.550173 401.594536
1173 437 439.111271 421.769949
1179 451 443.538279 435.449145
1187 428 454.139669 412.321137
1187 429 454.038521 413.291764
1188 384 461.026834 368.593214
1189 459 452.628909 442.981579
1191 46 729.544062 35.400221
1193 450 457.687898 433.778006
1199 88 734.431733 76.941323
1200 427 467.341857 410.840085
1202 84 737.738482 72.819438
1213 72 749.675013 60.323741
1217 33 756.593139 21.259643
1222 532 479.151248 514.104384
1223 530 480.270733 512.133471
1224 131 756.399512 118.731406
1225 102 759.527821 89.719008
1227 107 761.153388 94.643873
1230 87 765.535668 74.541837
1231 540 490.070849 521.759119
1232 137 763.967809 124.309273
1232 423 499.780205 405.479551
1232 531 489.419479 512.774690
1234 114 767.588205 101.268940
1238 434 504.679951 416.178638
1242 528 499.764788 509.430951
1242 80 778.076332 67.040900
1243 425 510.586498 407.009588
1244 48 782.443538 35.024321
1245 152 775.819176 138.692924
1248 125 780.824203 111.602764
1248 57 785.732810 43.852528
1249 534 507.086168 514.940636
1250 423 517.771233 404.730409
1253 137 784.970053 123.311902
1253 80 789.089347 66.566347
1254 408 523.236333 389.646661
1255 67 792.023442 53.513894
1256 62 793.388721 48.491573
1261 106 795.151012 92.108270
1261 44 799.758635 30.265602
1262 441 527.796135 422.150876
1262 63 799.312930 49.201392
1266 437 532.248895 418.015019
1269 41 808.031089 26.897264
1271 409 540.321471 389.932313
1272 106 806.153864 91.623695
1273 426 540.558671 406.749203
1274 26 814.331425 11.620112
1274 34 813.659311 19.687834
1275 76 811.344326 61.589759
1277 109 810.924439 94.388226
1277 394 547.996603 374.799331
1286 90 821.329712 75.045961
1289 46 827.690022 30.998792
1291 115 824.478249 99.768181
1295 520 553.220480 499.366462
1296 39 835.253188 23.713552
1297 390 568.717959 369.938417
1301 151 831.868770 135.258235
1301 407 570.640620 386.777438
1301 524 559.342106 503.081638
1306 1488 748.277152 1468.841844
1310 451 574.654520 430.211732
1311 379 584.436144 358.428717
1312 115 845.534081 98.882055
1312 460 575.652661 438.988878
1321 403 591.225373 381.912407
1327 469 589.763357 447.327478
1331 225 856.525742 207.847961
1332 396 603.174397 374.489117
1342 225 867.597934 207.369673
1349 267 871.535325 249.038701
1351 417 620.134167 394.648468
1358 173 887.302877 154.737261
1358 400 628.950029 377.390369
1359 445 624.641411 422.165092
1361 438 627.489315 415.089357
1362 170 891.543440 151.554441
1368 204 895.153230 185.283461
1370 395 641.702854 371.867033
1374 202 901.303501 183.001850
1380 394 652.129763 370.445141
1383 42 922.365247 22.761520
1389 400 660.586301 376.046888
1398 379 671.818691 354.698474
1400 159 930.601041 138.898860
1403 162 933.373438 141.771022
1410 390 682.555055 365.162627
1415 508 675.374568 482.647642
1421 190 949.538345 169.000116
1423 508 683.474502 482.272583
1425 132 957.908123 110.805937
1427 217 953.756171 195.723458
1428 512 688.382505 486.076532
1439 426 707.649074 399.838498
1441 391 713.577432 364.860221
1441 396 713.075866 369.830977
1442 270 964.897408 248.082449
1444 37 984.499928 14.957167
1450 479 713.209518 452.406277
1451 451 716.910312 424.271433
1454 223 980.704508 200.536366
1458 433 725.931685 406.020415
1459 386 732.454295 359.045587
1462 459 727.332606 431.843418
1463 497 725.030686 469.925741
1473 319 992.479642 295.785948
1473 492 735.724158 464.537082
1475 490 737.572615 462.190912
1478 86 1015.165887 62.440878
1483 363 760.446470 335.085923
1483 406 754.694252 378.044114
1483 510 744.989895 481.916267
1485 447 751.862453 418.923112
1487 354 765.919375 325.978815
1493 391 766.497497 362.614619
1495 369 771.577780 340.533499
1497 375 772.658493 346.446163
1500 390 773.671731 361.339101
1509 408 780.765326 378.926814
1511 404 783.296683 374.811186
1511 47 1051.684399 21.949057
1520 243 1046.227348 217.692178
1527 405 799.479974 375.185426
1528 105 1064.500292 79.153398
1536 428 805.735837 397.722528
1539 386 813.798088 355.596405
1541 271 1065.260367 244.914318
1542 378 817.848884 347.461829
1542 423 812.496237 392.506538
1552 385 827.282965 354.047267
1561 387 836.223804 355.639284
1565 488 829.067992 456.610222
1580 405 853.347176 372.807490
1585 360 864.003105 327.580724
1591 408 864.126543 375.328486
1592 403 865.726758 370.278206
1602 496 866.051777 463.098208
1611 402 885.247696 368.508625
1614 152 1148.541750 122.438095
1631 375 908.526520 340.538970
1631 399 906.038275 364.753610
1640 414 913.310530 379.277942
1645 170 1178.993133 139.118278
1647 416 920.239081 380.965197
1650 174 1183.824963 142.903173
1660 392 936.343779 356.360238
1665 362 944.865671 326.009716
1672 380 950.007643 343.775042
1682 365 961.966615 328.298430
1692 252 1221.186006 219.356609
1693 406 968.865106 368.960242
1697 373 976.483811 335.622993
1703 489 969.568208 451.863218
1708 422 982.373475 384.382936
1709 368 989.562024 330.071159
1714 203 1247.387695 169.249116
1716 189 1250.411169 155.082702
1716 404 992.950805 365.950268
1719 407 995.642957 368.810082
1720 217 1252.555725 183.028606
1721 377 1000.871036 338.616716
1725 402 1002.471206 363.569403
1729 183 1264.210214 148.481900
1729 376 1009.320243 337.254136
1732 370 1013.201747 331.099358
1737 176 1272.948007 141.116618
1754 367 1036.529055 327.130306
1759 249 1290.240342 213.498595
1760 402 1038.579284 362.011488
1761 443 1034.415735 403.219000
1766 484 1035.195384 444.223563
1768 384 1048.749500 343.579928
1771 371 1053.588815 330.396996
1777 438 1051.614993 397.476712
1782 403 1061.196557 362.091140
1785 389 1065.733912 347.893765
1791 432 1066.787861 390.750945
1798 408 1077.236039 366.374189
1802 382 1084.088635 340.083455
1807 398 1087.540617 355.945476
1809 280 1339.429564 242.532441
1819 487 1090.072557 444.979240
1824 489 1095.165916 446.829244
1827 431 1104.251938 388.307068
1828 494 1099.143333 451.709079
1846 380 1129.644550 336.107969
1846 405 1126.940924 361.322661
1847 210 1383.760206 170.501352
1847 417 1126.806563 373.366033
1852 389 1134.781400 344.940657
1853 400 1134.652855 355.995471
1856 404 1137.357579 359.879099
1857 489 1129.569487 445.472703
1860 405 1141.398167 360.701163
1876 375 1161.347571 329.842143
1912 432 1192.710482 385.702563
1918 381 1204.150493 333.977744
1919 471 1195.986861 424.781912
1930 407 1213.794252 359.702659
1932 501 1206.771495 454.493188
1934 402 1218.348542 354.457041
1961 472 1239.801953 424.031469
1968 435 1250.717187 386.351405
1983 447 1265.175924 397.821313
1994 500 1271.628569 450.945522
2000 504 1277.476388 454.778709
2006 426 1291.448867 375.622810
2025 432 1310.749739 380.917049
2027 415 1314.583585 363.617256
2034 394 1323.988801 342.060112
2042 395 1332.297556 342.754731
2042 500 1321.691209 449.006219
2047 400 1337.026581 347.581094
2066 405 1356.436135 351.836220
2101 409 1392.921953 354.388547
2104 404 1396.533060 349.204082
2105 394 1398.696271 339.056009
2115 411 1407.455656 355.811959
2133 482 1418.933814 427.110435
2139 430 1430.927063 374.100046
2150 391 1447.078122 334.068834
2153 512 1437.107029 456.727595
2180 430 1474.188607 372.396496
2202 428 1497.565835 369.481305
2253 459 1548.727460 398.892993
2261 448 1558.519299 387.414146
2271 444 1569.607161 382.940280
2280 453 1578.468518 391.721413
2290 458 1588.768008 396.401295
2321 530 1613.856665 468.432373
2322 558 1612.022011 496.958468
2336 568 1626.024037 506.668665
2388 511 1687.803314 446.479361
2464 223 2002.407155 157.160848
2479 611 1774.842119 545.284577
2529 401 2057.955064 335.498603
2561 543 1870.508987 472.725905
471 80 11.920374 99.085120
477 91 16.932556 109.811054
526 903 10.644525 907.900621
528 101 67.008325 117.848747
531 905 15.212505 910.007301
532 900 16.588436 905.073984
534 84 73.791718 100.521611
537 904 21.142266 908.906618
549 1246 10.755421 1244.897192
552 1193 17.299206 1192.789219
554 1033 29.755935 1035.245928
556 1037 31.472162 1039.116890
558 1347 12.738879 1344.266753
561 906 44.524711 910.005069
566 1034 41.300666 1035.876827
566 971 45.372109 973.797791
569 1043 43.763680 1044.661712
570 1039 44.956578 1040.652340
571 1066 44.339922 1067.156441
577 1034 52.011338 1035.638528
579 1072 51.837765 1072.778189
583 1093 54.329366 1093.450782
589 265 115.419506 277.652091
594 1044 68.005917 1044.975809
609 152 143.451661 165.051024
691 278 214.806318 286.472666
693 248 218.703011 257.042829
698 202 227.287681 211.089754
702 265 226.353907 273.160337
763 1179 196.501483 1172.754581
763 646 11.178338 643.000606
764 449 34.623510 449.252327
766 1175 199.673920 1168.724782
766 489 31.854725 488.243966
770 494 35.076609 493.188932
772 488 37.507644 487.509902
778 482 44.162942 481.136923
784 511 46.651356 509.831128
788 258 287.280439 262.712581
789 251 288.761064 255.694280
796 1252 224.055460 1244.104159
798 446 67.798804 445.070369
800 336 293.671958 339.432937
802 334 295.777327 337.391246
846 356 337.714620 357.588724
857 283 353.745056 284.733529
861 179 365.174613 181.466916
869 46 383.005973 49.081706
870 265 367.878392 266.410406
870 294 365.835948 295.137251
873 180 377.009650 181.978258
876 149 382.286890 151.113357
882 269 379.572186 269.878438
883 624 131.039594 617.218327
887 109 396.312080 110.870881
934 428 203.607219 422.226223
942 293 462.595799 291.383586
945 173 474.099939 172.408986
979 1186 438.901766 1175.168831
988 320 506.501509 316.533995
750.168295 384.195910 31.471300 385.007248
1056.679931 531.366812 312.572837 519.466915
1519.401557 251.008488 1044.932217 226.156560
878.975643 628.745106 127.244778 622.359570
775.015561 678.765710 19.122464 674.684869
1373.140959 390.719840 645.331780 366.880664
1445.427956 348.301722 724.440061 321.769727
1223.355151 418.422747 491.257335 400.930242
858.163646 709.237988 102.486474 702.281483
850.073609 695.399767 90.334095 688.590829
1029.197717 391.614011 303.457588 382.200604
1298.839371 518.974546 557.134071 498.090468
1456.393093 437.558689 724.617131 410.718906
1312.925937 431.044084 580.220704 410.458341
760.939837 1158.013801 197.199363 1160.743833
1186.445103 1285.267838 638.621559 1269.138389
768.659087 499.322130 33.264820 497.784111
943.767135 457.654848 208.858884 450.920873
616.050004 1000.363230 90.911607 1000.623640
810.967139 240.639901 310.647543 244.659593
1518.668321 406.122906 791.032352 376.522061
1935.079815 353.355527 1223.704631 305.083161
1950.634653 364.503161 1241.680882 315.586140
2370.007476 462.297416 1674.964714 398.017310
2330.802128 540.062484 1622.017372 477.986312
2307.846773 468.977746 1605.968913 407.148884
2010.302541 408.230205 1297.424548 357.343115
2422.511768 492.755744 1727.737931 426.027750
2567.209660 517.650325 1880.932535 446.110362
2378.569188 563.106977 1672.878690 499.160241
2515.782733 598.394313 1815.063501 529.874823
2075.378864 416.420561 1365.639145 362.977832
1865.437911 465.860658 1141.086693 422.095426
1817.356902 389.728095 1098.464975 347.771185
2445.731511 1329.478895 1935.209292 1287.342373
2538.843627 1339.063965 2035.667617 1294.244089
2404.653477 313.071947 1956.685177 251.006409
2066.746551 1354.284768 1535.989372 1320.523907
