1002 285 211.069948 173.634238
1005 287 213.519963 176.147110
1013 272 223.844557 161.228189
1014 289 222.056263 178.841880
1026 277 236.004582 167.176484
1052 277 261.997575 168.703753
1055 222 275.092825 114.184576
1058 289 266.256842 181.085244
1060 284 269.178901 176.128468
1062 278 271.887378 170.287912
1062 651 209.811414 539.944843
1072 279 281.929647 171.949427
1083 486 257.644363 378.557874
1097 515 267.191071 407.562766
1112 281 321.637325 176.425683
1119 671 262.625913 563.062794
1121 1688 107.347089 1564.222702
1121 251 335.698589 146.973500
1121 526 288.926941 419.744485
1123 312 327.219204 207.914927
1126 241 342.823649 137.417714
1126 499 298.292028 393.417572
1136 304 341.655594 200.601042
1137 1358 173.527856 1240.279104
1142 838 258.491259 728.974284
1158 493 330.994887 389.492295
1165 290 372.875881 188.578151
1168 228 386.809446 127.134730
1175 291 382.754632 190.120161
1183 182 409.990725 82.315783
1208 204 431.164298 105.865186
1210 173 438.383687 75.066404
1218 476 393.323438 375.987401
1220 520 388.216102 419.758328
1223 1456 242.856957 1341.506799
1248 773 373.387301 671.148615
1255 122 492.962949 26.800120
1267 433 449.243229 336.254175
1290 780 413.867221 680.556082
1297 191 522.899990 98.190681
1298 859 408.845287 758.935898
1303 435 485.117610 340.846046
1308 284 516.867098 190.883120
1311 400 499.206744 306.371084
1311 717 444.595382 619.481395
1328 1280 373.377624 1174.820753
1329 1599 325.135237 1488.471368
1360 173 589.227136 84.058425
1364 459 541.901204 367.835196
1372 298 578.641548 208.958044
1384 191 609.694277 103.402306
1387 583 542.972996 491.789671
1407 400 594.740489 311.939194
1407 583 562.612021 492.936322
1416 912 517.035021 817.949487
1431 593 584.872218 504.270176
1448 927 546.043743 834.538173
1467 1057 544.161532 963.724601
1470 791 589.776576 701.934582
1487 466 662.629830 381.949379
1606 119 817.644155 43.965077
1606 240 795.423907 163.977954
1616 119 827.520795 44.565312
1618 113 830.549393 38.697067
1630 96 845.662688 22.588158
1656 97 871.527007 25.116709
1657 290 837.130191 216.448095
1660 306 837.367253 232.490543
1668 215 861.742458 142.814909
1668 281 849.947849 208.199222
1669 211 863.519037 138.899354
1679 142 886.342328 71.107352
1681 248 868.902253 176.281091
1683 220 875.882441 148.641458
1688 247 876.023910 175.667520
1699 324 873.224972 252.555561
1726 425 882.445036 354.147649
1749 185 975.882368 118.977288
1963 83 1209.705604 30.898142
1979 68 1228.553327 16.895954
1993 138 1229.991661 87.036150
1996 182 1225.124564 130.821955
1997 131 1235.144304 80.403415
2018 700 881.439818 631.272724
2027 157 1260.337736 108.011957
2030 488 940.625210 423.403726
2036 148 1271.005712 99.574590
2048 144 1283.843989 96.391353
2063 168 1294.590412 121.008033
2144 534 1044.023947 475.237287
2149 483 1061.559125 425.311273
2152 516 1056.559081 458.004862
2165 631 1045.473076 572.235903
2167 568 1059.883363 510.136870
2168 630 1048.882736 571.427372
2169 535 1069.248323 477.702577
2171 544 1069.233227 486.720150
2177 582 1067.120503 524.556644
2178 608 1063.145282 550.348342
2183 588 1072.080404 530.864928
2200 608 1086.126980 551.615472
2230 496 1140.639210 442.818569
2230 500 1139.781608 446.814985
2232 484 1145.518965 431.091890
2244 481 1158.758613 428.803150
2245 477 1160.661079 424.943175
2269 502 1179.563387 451.075807
2275 496 1186.889211 445.524323
2279 488 1192.874554 437.860229
2287 481 1202.735811 431.362465
2312 520 1219.405887 471.403133
2316 477 1233.304256 429.208275
2320 431 1247.669299 384.006447
2325 473 1243.201864 425.784286
2328 442 1252.951546 395.361348
2331 470 1249.904347 423.163575
2338 455 1260.343007 408.781050
2344 575 1241.633251 527.779009
2354 472 1273.085835 426.505166
2388 439 1315.193094 395.971659
2397 413 1330.829527 370.797971
2397 523 1305.508501 479.410168
2405 438 1332.611804 395.976057
2442 441 1370.085258 401.108063
2454 430 1385.000460 391.196925
2484 422 1416.725523 385.060144
2509 426 1441.289500 390.465351
2536 484 1456.033779 449.507925
2542 396 1482.564272 362.494412
2577 464 1502.281377 431.974991
867 447 50.641381 325.656472
915 973 13.304188 848.484107
945 639 95.929947 521.112396
960 639 110.729295 521.948538
967 502 140.105120 386.760701
993 284 202.339253 172.375619
996 276 207.258842 164.219604
1833.695205 459.967758 750.168295 384.195910
2168.914034 589.052744 1056.679931 531.366812
2305.971992 284.635545 1519.401557 251.008488
2015.872881 697.454772 878.975643 628.745106
1923.929347 753.518454 775.015561 678.765710
2441.978301 430.033028 1373.140959 390.719840
2501.956220 383.685021 1537.380642 342.078899
2304.242898 466.927656 1223.355151 418.422747
2009.224226 777.484355 858.163646 709.237988
2001.290313 765.491230 850.073609 695.399767
2108.218056 451.176744 1029.197717 391.614011
2397.111462 563.173190 1298.839371 518.974546
2534.285929 471.996699 1456.393093 437.558689
2393.653501 474.682991 1312.925937 431.044084
1747.020198 1243.433947 760.939837 1158.013801
2153.234499 1339.645497 1186.445103 1285.267838
1878.185731 573.777755 768.659087 499.322130
2041.800637 522.031311 943.767135 457.654848
1545.661221 1088.614114 616.050004 1000.363230
1635.944569 314.808814 810.967139 240.639901
