1079 552 401.099790 622.366289
1090 1029 577.432002 1084.033035
1123 121 681.360724 189.339581
1250 155 802.946590 217.923064
1280 1369 740.860924 1414.859563
1298 1315 761.865484 1361.812207
1394 567 699.291511 627.528728
1452 289 990.800538 342.998648
1455 287 993.920569 340.896179
1579 1454 1029.774892 1496.029432
1631 375 913.236100 430.671452
1648 392 928.432416 446.797546
1684 393 963.687749 446.491204
1695 380 976.215067 433.181843
1698 652 1001.019940 701.467580
1730 166 1278.667591 209.626191
1741 268 1280.915726 311.072352
1750 266 1290.106480 308.716107
1750 269 1289.813771 311.694829
1795 408 1075.914876 456.999587
1822 417 1102.177493 464.871211
1843 171 1392.068985 210.187859
1847 449 1121.202560 495.993843
1910 418 1438.480766 454.753867
1915 421 1443.238990 457.580661
1920 593 1176.032700 637.147567
1926 25 1488.015352 60.725006
1941 1340 1403.850187 1378.323286
1945 269 1486.098493 304.174322
1965 598 1220.828751 640.555586
1989 606 1244.176244 647.812238
1993 613 1247.412712 654.707108
2017 486 1287.960393 526.656311
2025 400 1529.834279 433.456661
2034 226 1554.007141 258.670534
2036 580 1294.727627 620.238013
2039 643 1290.627706 683.356129
2041 164 1566.500641 196.125461
2048 516 1315.091234 555.629554
2048 632 1300.864328 671.983209
2052 164 1577.626200 195.620879
2056 186 1579.684574 217.518783
2058 461 1333.109024 500.116360
2061 343 1571.404499 374.836218
2062 509 1330.254937 548.172210
2067 515 1334.565498 553.992398
2080 468 1354.667002 506.359679
2088 470 1362.507523 508.077856
2088 499 1358.168030 537.235503
2093 668 1342.199077 706.786856
2110 346 1620.377260 376.153440
2111 660 1361.084684 698.099694
2114 619 1368.846570 656.846709
2122 677 1370.414104 714.830456
2128 657 1378.731905 694.553899
2141 42 1641.167828 70.720681
2143 496 1414.703128 532.202590
2153 500 1424.456673 535.853085
2155 495 1427.236192 530.704703
2157 750 1398.340202 787.172962
2159 743 1401.051192 780.140415
2163 713 1408.183575 749.737565
2166 149 1656.164609 177.113219
2166 757 1406.906317 793.950424
2168 761 1408.602967 797.930349
2197 662 1448.653515 697.421842
2197 760 1438.388022 796.066181
2208 1622 1616.251394 1659.121835
2212 735 1456.316889 770.521491
2215 754 1457.495016 789.491560
2216 732 1460.787203 767.387982
2217 1623 1625.530083 1660.076344
2220 642 1474.691269 676.543586
2223 717 1469.647020 752.041997
2231 1613 1640.288234 1649.850927
2232 1637 1639.448560 1674.005275
2234 481 1511.017590 513.845840
2235 1616 1644.300097 1652.978815
2238 511 1510.611144 543.870552
2248 491 1524.092390 523.414986
2255 767 1497.740361 801.466512
2262 746 1506.933459 780.107434
2276 515 1549.953350 546.635129
2282 523 1554.996654 554.438286
2285 516 1559.127339 547.359589
2287 733 1534.601449 766.322214
2290 753 1535.598042 786.303465
2291 744 1537.632107 777.204284
2296 633 1555.361896 664.978528
2301 778 1545.511064 811.252449
2303 691 1556.227628 723.360023
2322 212 1810.464411 234.303523
2331 849 1759.753318 877.241908
2353 51 1857.787456 70.834356
2397 515 1859.337802 537.403960
2474 582 1933.427784 602.755021
2494 583 1954.191764 603.116726
2497 921 1926.314149 946.112909
2522 852 1958.554248 875.301177
2537 585 1998.746418 603.730077
457 250 31.074235 339.021264
485 107 68.367553 198.725934
490 128 71.598460 219.018054
579 1241 73.913657 1300.331330
659 1246 149.960340 1303.947283
677 1343 161.080728 1398.443231
696 569 30.549353 650.473850
785 30 362.485520 112.551901
786 44 362.363974 126.245786
799 87 371.359006 168.035089
801 16 379.071139 98.156452
810 17 387.614428 98.794318
811 62 384.855145 143.011767
845 98 414.602750 177.276146
944 67 512.209364 143.007644
945 349 252.302942 430.344502
957 111 521.180272 185.717875
964 56 532.479896 131.276280
791.032352 376.522061 104.600228 461.789190
1223.704631 305.083161 524.128935 377.625903
1241.680882 315.586140 540.036526 387.089914
1674.964714 398.017310 954.515357 451.918288
1622.017372 477.986312 892.395250 533.350569
1605.968913 407.148884 885.023698 463.428022
1297.424548 357.343115 588.502671 426.253512
1727.737931 426.027750 1004.481940 477.647223
1880.932535 446.110362 1155.184716 491.841521
1672.878690 499.160241 940.199250 552.063430
1815.063501 529.874823 1078.237311 577.420719
1365.639145 362.977832 654.045340 428.230446
1141.086693 422.095426 431.089907 495.489852
1098.464975 347.771185 398.642843 423.353516
1935.209292 1287.342373 1397.816608 1323.674964
2035.667617 1294.244089 1504.220260 1326.181729
1956.685177 251.006409 1497.624700 286.544732
1535.989372 1320.523907 996.427334 1363.810347
2276.548379 470.588301 1557.021371 502.194852
2297.301707 488.574519 1576.131765 519.337999
2133.885901 691.917290 1380.371718 729.689065
2159.062100 772.556913 1398.067083 810.149848
2317.767817 788.658221 1564.501940 821.695653
2086.899154 467.769026 1361.319112 506.049262
1855.732609 442.064306 1131.521446 489.032341
2111.602912 1224.481647 1550.314841 1261.564909
2077.706576 1224.773856 1513.073747 1261.564909
1964.992057 531.482365 1229.363243 573.933336
2358.254710 238.665054 1844.697918 259.705893
2544.388437 922.107953 1972.686433 945.603114
2502.313056 463.592392 1972.506239 482.005177
1777.235574 196.324734 1323.616815 237.525416
2169.651468 1644.529379 1575.548243 1682.530029
2278.734400 1150.432841 1678.390306 1183.267230
2233.051148 644.658778 1487.896312 678.515832
1615.424197 479.369824 885.499990 534.373879
2318.451996 546.835192 1589.515840 577.176952
2136.213198 792.616736 1384.763032 830.319939
2131.722667 807.210960 1384.958915 845.402958
2124.054544 827.566276 1385.568133 862.853301
2115.973899 847.498532 1386.696480 885.138159
2110.586803 863.659821 1388.389001 902.345454
2116.512609 881.437238 1402.493342 918.424402
