1280 21 844 84
778 24 356 107
1587 27 1147 77
828 31 403 112
1273 55 833 118
964 56 532 131
944 67 512 143
1292 72 851 134
1180 78 741 145
793 88 366 169
1212 91 771 157
1454 113 1007 168
1123 121 681 189
935 124 499 199
782 143 350 224
1260 148 813 211
1260 148 813 211
1290 150 843 211
945 151 506 226
945 151 506 226
1250 155 803 218
1249 162 801 225
1397 170 946 227
1733 173 1281 216
1265 174 816 236
1386 173 935 231
879 177 440 253
879 177 440 253
1270 187 820 248
1299 188 848 249
1073 205 626 274
1394 208 940 265
1394 208 940 265
1340 240 884 299
1462 251 1004 305
2007 256 1525 290
2007 256 1525 290
1729 257 1270 301
1301 258 845 318
1705 263 1246 307
1750 266 1290 309
1750 266 1290 309
1741 268 1281 311
1453 278 992 332
1452 289 991 343
1005 296 552 366
1702 306 1238 351
934 319 245 401
980 334 287 414
1336 337 628 405
1445 338 735 401
767 340 86 428
1021 345 325 424
777 346 95 432
1337 348 628 415
1337 348 628 415
1137 353 435 428
1213 359 506 431
1213 359 506 431
1030 362 332 440
1111 371 408 446
1197 372 491 444
1166 381 460 454
820 382 131 466
820 382 131 466
1289 384 577 452
1496 393 777 454
1795 408 1076 457
1279 416 564 485
1822 417 1103 465
1385 420 666 485
1397 426 677 490
1492 429 769 490
1598 432 873 488
1598 432 873 488
1272 433 556 501
1298 434 580 501
1802 433 1078 482
1798 434 1074 484
1587 435 862 492
1763 438 1038 488
1460 446 736 507
1849 447 1123 494
1051 448 342 524
1819 451 1093 499
1590 464 861 520
1825 475 1095 523
1923 475 1194 519
1872 480 1142 526
2153 500 1424 536
1748 505 1013 556
1962 508 1229 551
1797 509 1062 558
1936 515 1202 558
2089 520 1357 559
1929 524 1193 568
1833 538 1095 585
1965 546 1227 588
1899 553 1160 597
2011 553 1273 594
2011 553 1273 594
1828 555 1088 603
2058 566 1319 605
2003 570 1262 611
2094 587 1353 625
1958 589 1214 632
2164 609 1421 646
1993 613 1247 655
1995 616 1249 658
2146 616 1401 653
2114 619 1369 657
2074 630 1327 669
2074 630 1327 669
2128 657 1379 694
2167 710 1412 746
2243 717 1491 751
2144 718 1388 756
2144 718 1388 756
2200 720 1446 755
2290 753 1535 786
2215 754 1458 790
1298 1315 762 1362
810 17 388 99
1926 25 1488 61
1562 38 1122 89
724 40 303 125
788 49 364 131
1070 56 635 128
769 61 345 143
1466 65 1024 120
1466 65 1024 120
753 93 326 175
824 100 394 180
790 110 361 191
1212 116 769 181
965 119 528 193
965 119 528 193
931 139 494 214
1170 145 725 211
1730 166 1279 210
901 183 462 259
901 183 462 259
1323 206 870 266
966 215 521 288
1344 243 888 301
1343 256 886 314
2006 260 1523 293
1750 269 1290 312
1750 269 1290 312
985 326 293 407
1044 333 349 411
1335 333 628 401
1335 333 628 401
977 335 284 416
1389 338 680 404
1305 343 597 412
1025 345 329 424
1022 348 325 427
1012 350 316 429
1012 350 316 429
1359 356 648 423
1038 362 340 440
1208 361 501 433
1034 362 336 440
1034 362 336 440
1437 371 723 434
1120 371 416 446
847 375 156 459
722 376 39 464
843 379 152 463
1631 381 912 436
1170 382 463 455
1245 390 534 460
1625 391 907 446
1510 392 790 452
1042 396 339 473
789 400 99 485
789 400 99 485
875 408 179 490
1291 410 576 478
1291 410 576 478
850 412 155 495
1544 414 822 473
1760 416 1038 467
1915 421 1443 458
1172 423 460 495
1295 426 579 494
1036 427 329 503
1246 431 531 500
889 435 189 516
1185 440 471 511
1714 440 989 492
1553 442 828 500
1857 444 1132 490
1840 447 1114 494
1321 449 601 515
1890 449 1165 494
1426 451 702 514
1648 451 921 506
1469 464 742 524
1874 466 1146 512
1918 467 1191 511
2005 468 1279 508
2042 480 1314 520
1752 488 1020 539
2108 489 1380 526
1642 502 909 556
2088 517 1355 556
1776 518 1040 567
1902 521 1166 565
1902 521 1166 565
2049 534 1314 574
2051 543 1314 582
2062 542 1326 582
2062 542 1326 582
2051 548 1313 587
1889 549 1149 595
1991 566 1251 608
2123 568 1385 605
1962 575 1221 618
1962 575 1221 618
1926 581 1183 625
1927 585 1184 629
2178 588 1438 624
1920 593 1177 637
1989 606 1244 648
2019 611 1274 652
2059 611 1314 650
2059 611 1314 650
1995 622 1249 664
2048 632 1301 671
2048 632 1301 671
2055 637 1307 676
2078 638 1331 677
2098 649 1349 688
2098 649 1349 688
2098 649 1349 688
2183 720 1428 757
2212 735 1457 770
2214 738 1459 774
2214 738 1459 774
2159 743 1401 780
2232 770 1474 805
2331 849 1760 877
1370 1219 838 1267
677 1247 168 1305
1537 1319 997 1362
2235 1616 1644 1653
1053 15 623 87
801 16 378 98
814 19 391 101
750 20 330 104
817 30 393 111
785 30 362 113
793 49 368 131
1045 60 611 132
811 62 385 143
799 87 371 168
799 87 371 168
806 91 378 171
851 95 420 174
845 98 415 178
831 101 401 181
508 118 90 208
764 125 335 207
1175 134 731 200
1175 134 731 200
1393 150 944 207
2052 164 1578 196
1257 166 808 228
953 196 511 269
980 201 536 273
1945 269 1486 304
967 309 278 391
962 328 271 409
1059 330 363 408
1069 331 373 409
1004 332 310 412
1124 340 423 415
909 341 219 423
909 341 219 423
843 341 157 426
962 342 269 423
973 342 279 423
1381 343 671 408
2110 346 1620 376
1318 350 609 418
1035 351 338 430
1434 358 721 421
1555 361 839 420
774 361 89 448
794 362 109 448
767 363 83 450
767 363 83 450
1003 363 306 442
993 366 296 445
777 368 91 454
866 370 175 454
1127 371 424 445
783 375 96 461
865 376 173 459
1648 375 930 430
1505 376 787 437
977 377 280 457
726 378 42 465
1497 379 780 440
1695 380 976 433
759 389 72 475
1550 390 831 449
1656 398 935 452
1605 400 885 456
1605 400 885 456
1038 400 335 477
1768 419 1046 470
1826 421 1105 469
1781 422 1058 471
717 424 28 511
1240 424 526 494
1747 425 1023 476
1196 425 483 496
1719 434 994 486
1879 441 1155 487
1638 445 912 500
1756 446 1029 497
1095 447 384 520
1095 447 384 520
1687 447 961 500
711 448 20 534
1855 448 1129 495
1738 450 1011 501
1738 450 1011 501
713 453 21 539
1745 458 1017 508
1461 458 736 520
1581 459 853 516
1968 485 1238 528
1878 487 1147 532
1886 499 1153 545
1886 499 1153 545
1669 509 935 563
1983 510 1249 553
1645 511 911 565
1758 543 1019 592
1788 543 1050 593
1991 598 1247 640
1991 598 1247 640
1992 609 1247 651
2220 642 1475 677
2149 652 1401 689
2197 662 1449 698
2202 693 1451 728
2216 732 1460 767
2257 746 1502 780
2217 1623 1626 1660
788 22 365 104
744 24 324 108
777 24 355 107
778 67 353 149
789 67 363 149
957 111 522 185
923 115 488 191
757 119 329 200
1179 139 734 204
2056 186 1580 218
945 326 255 408
989 330 296 410
1012 331 318 410
1112 336 413 413
1084 340 386 417
930 343 238 425
1391 348 680 414
914 350 222 433
1157 358 453 431
1054 361 354 439
1476 362 761 424
975 369 279 449
873 371 181 454
1174 375 468 447
1260 380 550 450
766 386 79 472
837 391 146 474
826 408 132 491
697 410 10 498
697 410 10 498
1754 426 1031 477
1746 444 1020 494
1954 481 1224 524
1954 481 1224 524
1954 481 1224 524
2136 497 1408 533
2143 496 1414 533
2132 514 1401 551
1972 555 1233 598
1913 557 1174 601
1908 573 1167 618
2142 594 1401 631
2085 653 1335 691
2213 693 1462 728
2203 729 1447 765
2157 750 1398 787
2157 750 1398 787
2177 752 1418 789
2183 753 1424 790
2246 754 1490 789
2255 767 1498 802
1195 1327 661 1374
1620 1362 1078 1404
923 22 495 100
782 35 360 118
772 68 347 151
2322 212 1811 235
967 319 276 401
2288 325 1765 351
1086 328 389 405
1009 337 315 416
1177 338 475 411
2061 343 1572 375
934 350 241 432
1279 353 570 423
1357 352 646 419
850 355 162 440
1368 356 656 423
1455 367 740 430
1481 371 766 432
854 373 163 456
913 379 219 461
753 388 66 475
1559 387 841 446
1531 391 812 450
788 391 99 476
2025 400 1529 434
2025 400 1529 434
1724 417 1002 468
1594 421 871 478
1700 421 976 474
1024 443 317 520
1917 460 1190 504
725 470 32 555
2043 483 1315 523
1612 497 880 553
1963 524 1227 567
2027 553 1288 594
1927 570 1186 614
2060 575 1320 614
2494 583 1954 603
2296 633 1556 665
2270 676 1523 709
2220 704 1468 740
2220 704 1468 740
2232 1637 1639 1674
802 19 379 101
808 27 385 109
786 44 362 126
2353 51 1858 71
975 320 284 402
1036 327 342 406
1036 327 342 406
746 331 67 419
1332 332 625 399
760 334 80 422
1332 343 623 411
1521 356 806 416
977 356 282 436
977 356 282 436
1586 364 870 422
788 370 101 456
1200 369 493 441
1250 387 540 457
1045 387 343 464
727 432 37 518
2057 483 1329 522
1870 485 1139 531
2282 523 1555 555
2005 618 1258 659
2252 709 1500 743
2252 709 1500 743
2231 736 1476 771
485 107 69 197
490 128 71 219
769 328 89 416
1110 349 410 425
1558 354 844 412
907 364 215 446
1127 373 424 448
781 379 94 466
781 379 94 466
776 396 87 482
1626 396 906 451
1013 432 307 509
1306 453 585 520
1870 473 1140 519
2262 746 1507 780
2339 216 1827 238
846 323 161 408
1399 340 689 405
1289 345 581 414
817 353 131 438
755 378 69 464
1540 398 820 457
1662 403 941 457
1753 423 1030 473
1698 652 1001 701
1088 1445 548 1492
1088 1445 548 1492
983 384 284 463
1569 383 850 440
1589 397 869 454
1812 420 1092 468
2062 509 1330 548
1174 554 491 621
2034 226 1555 259
2034 226 1555 259
1077 371 375 448
1693 418 970 471
1610 378 891 434
1739 427 1016 476
