1274 26 814 11
869 46 383 49
1289 46 828 31
1255 67 792 54
1528 105 1065 79
1253 137 784 124
1253 137 784 124
1046 140 578 136
1046 140 578 136
1362 170 891 152
1650 174 1184 143
1737 176 1273 141
861 179 365 181
873 180 377 182
1729 183 1265 149
1716 189 1250 155
1714 203 1248 169
1368 204 895 185
1720 217 1253 183
1331 225 857 208
1342 225 868 208
1520 243 1046 218
789 251 289 256
1692 252 1221 219
784 255 283 259
882 269 379 270
1442 270 965 248
1541 271 1065 245
1809 280 1339 243
942 293 463 292
844 303 339 305
1473 319 993 295
1485 319 1005 296
802 334 296 337
800 336 294 339
1539 386 813 356
1561 387 837 356
1297 390 569 370
2047 400 1337 348
1856 404 1138 360
1719 407 996 369
1930 407 1213 359
1271 409 540 390
1351 417 620 395
1128 422 395 409
1081 423 349 411
1542 423 812 392
1536 428 806 398
1458 433 726 406
1777 438 1051 397
1777 438 1051 397
1574 441 843 409
1193 450 457 434
1064 463 327 452
1316 467 579 446
1473 492 736 465
2042 500 1321 449
1423 508 683 483
1428 512 688 486
1232 531 490 513
1047 560 300 548
763 646 11 643
763 646 11 643
703 1266 132 1260
689 1521 100 1512
632 1594 39 1586
611 1657 14 1648
731 1677 131 1666
731 1677 131 1666
733 1680 132 1669
1296 39 836 23
1511 47 1051 22
1053 68 590 64
1050 70 586 66
1050 70 586 66
1213 72 750 60
1202 84 737 73
1478 86 1015 63
1199 88 734 77
528 101 67 117
1227 107 762 94
1234 114 767 102
1291 115 824 100
876 149 382 151
1245 152 776 139
1614 152 1149 122
1614 152 1149 122
1400 159 931 139
1403 162 933 142
945 173 474 172
1358 173 888 155
1421 190 950 169
1723 190 1258 155
1374 202 901 183
1374 202 901 183
1847 210 1384 171
1847 210 1384 171
870 265 368 266
870 265 368 266
702 265 226 273
1349 267 872 249
870 294 366 295
988 320 506 317
988 320 506 317
1697 373 977 335
1846 380 1130 336
1459 386 732 359
1660 392 937 356
2016 395 1305 343
1370 395 642 372
786 397 62 398
1760 402 1038 362
1782 403 1061 363
1693 406 969 369
1647 416 920 381
1443 425 712 398
2006 426 1291 375
1439 426 708 400
934 428 204 423
1145 431 412 417
1912 432 1193 385
2025 432 1311 381
1238 434 504 416
1499 440 768 411
1629 440 898 406
1574 444 842 413
1359 445 625 422
764 449 35 450
778 482 43 481
1430 483 693 457
1819 487 1090 445
1475 490 738 462
1602 496 866 463
1994 500 1271 451
1932 501 1207 454
2000 504 1277 455
1415 508 675 483
1415 508 675 483
1483 510 744 482
2388 511 1687 447
1216 511 474 494
1295 520 553 500
2321 530 1615 468
1068 569 321 556
845 656 90 650
561 906 45 910
556 1037 31 1039
569 1043 44 1044
552 1193 17 1193
698 1255 127 1250
779 1287 205 1279
636 1297 64 1292
741 1413 159 1404
1306 1488 748 1469
744 1709 142 1697
1274 34 814 19
1444 37 984 15
1261 44 800 30
1191 46 729 36
1256 62 793 49
1262 63 800 49
1275 76 811 62
471 80 12 99
534 84 74 100
1261 106 795 92
1272 106 806 91
887 109 396 111
1312 115 845 98
1248 125 781 112
1232 137 764 125
1301 151 832 135
698 202 227 211
1427 217 953 196
1454 223 980 201
863 232 363 234
693 248 219 257
693 248 219 257
1759 249 1291 213
788 258 288 263
589 265 115 278
2393 282 1947 221
846 356 338 357
1585 360 864 328
1682 365 962 328
1495 369 772 341
1497 375 773 347
1631 375 909 341
1631 375 909 341
1876 375 1160 330
1918 381 1204 334
1918 381 1204 334
1918 381 1204 334
1768 384 1048 344
1768 384 1048 344
1552 385 827 354
1500 390 774 361
1493 391 767 363
2150 391 1447 335
1441 396 713 370
1687 399 964 362
1853 400 1135 356
1725 402 1003 363
1934 402 1219 354
1321 403 591 382
1592 403 866 370
1716 404 993 366
1511 404 783 375
1860 405 1141 361
1591 408 865 376
2101 409 1393 355
2027 415 1314 364
1154 418 422 403
1250 423 517 404
1273 426 541 407
1200 427 467 410
1187 429 455 413
1827 431 1104 388
1266 437 532 418
775 438 46 438
1361 438 627 416
1262 441 528 422
798 446 68 445
1371 450 636 427
1451 451 717 424
1558 456 825 425
1062 460 326 449
1189 459 453 444
1051 467 314 456
1242 471 504 453
1242 471 504 453
1219 471 481 454
1919 471 1196 425
1961 472 1240 424
1342 479 604 457
1450 479 713 453
2133 482 1418 427
766 489 31 488
1824 489 1095 447
2153 512 1436 457
1301 524 559 503
1249 534 506 515
1007 546 261 536
1040 552 293 541
2479 611 1774 546
780 663 25 660
526 903 11 909
531 905 15 910
531 905 15 910
566 971 45 974
554 1033 30 1035
570 1039 46 1040
583 1093 55 1094
682 1143 120 1139
766 1175 199 1169
721 1177 155 1172
763 1179 196 1173
763 1179 196 1173
804 1206 235 1199
549 1246 11 1245
796 1252 223 1244
567 1264 26 1262
779 1278 205 1270
558 1347 12 1344
700 1359 122 1352
618 1430 37 1424
633 1591 41 1582
633 1591 41 1582
651 1672 53 1662
651 1672 53 1662
651 1672 53 1662
1217 33 756 21
1244 48 782 35
1242 80 778 67
1253 80 789 67
1286 90 821 75
477 91 17 110
1225 102 759 89
1277 109 811 94
1224 131 757 119
1425 132 957 111
1645 170 1179 139
691 278 215 287
2388 279 1942 218
857 283 354 285
857 283 354 285
1487 354 766 326
1665 362 945 326
1709 368 989 330
1732 370 1012 331
1542 378 818 348
1672 380 950 343
1802 382 1084 340
1852 389 1135 345
1358 400 629 378
1611 402 885 369
2104 404 1398 349
1254 408 523 390
1072 416 341 405
754 425 28 426
2180 430 1475 372
1119 431 385 418
1791 432 1067 391
1074 434 341 422
882 444 151 440
1485 447 752 419
1310 451 574 430
768 483 35 482
770 494 35 493
1100 523 356 510
1222 532 478 515
1061 538 315 526
1079 561 332 549
783 615 34 612
883 624 130 618
537 904 21 909
594 1044 68 1045
758 1175 191 1170
696 1480 109 1472
1383 42 923 22
609 152 145 165
2464 223 2003 158
1729 376 1009 337
1721 377 1002 339
1441 391 713 365
1277 394 548 375
1380 394 652 371
1807 398 1087 355
1580 405 854 373
2066 405 1357 352
1640 414 913 379
1104 425 371 413
1853 426 1132 383
2139 430 1432 374
1183 433 450 416
1563 443 831 413
2261 448 1559 387
1112 458 375 445
1312 460 575 439
782 474 49 473
1583 478 848 446
762 482 28 482
772 488 38 488
1828 494 1100 452
1463 497 725 470
879 536 137 531
2322 558 1612 497
1000 574 252 564
853 655 97 648
532 900 16 905
566 1034 41 1035
979 1186 438 1175
556 1256 18 1254
1269 41 808 27
1248 57 786 44
1248 57 786 44
1230 87 766 74
1483 363 760 334
1754 367 1036 327
1754 367 1036 327
1771 371 1053 331
1188 384 460 368
1410 390 683 365
1785 389 1065 348
1332 396 603 375
2042 395 1332 343
1033 397 306 387
1156 416 424 402
1047 422 315 412
1243 425 511 407
925 427 195 422
1682 431 954 394
1081 436 348 424
1968 435 1250 387
1119 443 384 430
1119 443 384 430
1141 447 406 433
1179 451 443 435
2280 453 1578 392
1462 459 727 432
1703 489 969 452
890 502 151 496
784 511 46 509
1242 528 499 509
2561 543 1870 473
577 1034 52 1036
571 1066 44 1068
579 1072 51 1073
1389 400 661 376
1631 399 907 364
1660 402 935 366
1527 405 799 375
1846 405 1127 361
1509 408 781 379
1509 408 781 379
1037 409 307 399
1847 417 1127 373
1232 423 499 406
1232 423 499 406
2202 428 1498 370
1173 437 440 422
1208 441 474 425
1761 443 1035 403
1327 469 590 448
1223 530 480 511
1311 379 586 358
1398 379 671 356
2034 394 1323 342
2105 394 1399 340
2529 401 2059 335
1483 406 755 378
1301 407 571 387
1798 408 1078 366
2115 411 1408 356
1542 425 812 395
1542 425 812 395
2288 441 1586 380
787 449 57 448
1042 520 297 509
1061 563 314 551
1726 404 1004 366
1708 422 983 384
1187 428 454 412
2271 444 1569 383
2290 458 1589 397
1857 489 1130 446
1231 540 489 521
2253 459 1549 399
1766 484 1035 444
1215 497 474 480
2336 568 1626 507
1558 1382 1011 1358
1451 415 719 388
1983 447 1264 398
1565 488 829 456
1649 479 915 444
1375 460 640 436
1644 1367 1100 1339
