L-col L-row R-col R-row
1703 222 896 152
1607 245 795 169
1062 291 270 183
1604 301 782 224
1643 397 803 322
1686 403 846 330
1687 416 845 343
1887 495 795 422
1167 667 311 562
1914 767 761 691
1918 767 765 692
1426 976 517 882
1372 985 462 888
1345 1048 425 948
1461 1134 526 1040
1520 1154 582 1062
1522 1194 576 1102
1380 1199 437 1099
1380 1199 437 1099
1386 1206 442 1106
1712 1239 727 1156
1370 1290 413 1187
1266 1353 301 1243
1675 1366 671 1279
1216 1519 227 1403
1672 1602 630 1511
1176 1603 175 1484
1126 236 343 133
1688 247 875 176
1602 406 762 328
1544 419 727 339
1610 427 766 350
1701 433 855 361
1884 515 788 442
1884 556 778 482
1935 592 821 521
1896 601 779 527
1896 601 779 527
2096 610 980 547
1964 714 822 642
1972 723 829 652
1972 723 829 652
1243 756 371 654
1844 760 694 680
1248 773 374 672
1321 940 418 840
1639 963 701 881
1453 977 542 884
1615 981 674 896
1496 984 585 894
1503 985 591 895
1473 986 562 894
1378 990 467 893
1445 1056 523 961
1333 1131 401 1029
1401 1199 458 1100
1399 1206 454 1107
1470 1210 523 1114
1691 1222 710 1138
1514 1277 556 1183
1339 1288 383 1183
1364 1300 406 1196
1293 1356 327 1247
1293 1356 327 1247
1489 1359 519 1262
1459 1433 477 1333
1266 1435 289 1324
1357 1437 377 1331
1352 1513 361 1405
1280 1515 289 1403
1464 1524 470 1423
1198 1601 197 1483
1121 1608 121 1485
1439 1612 431 1508
1626 86 844 13
1692 88 909 18
2027 173 1258 124
1241 176 471 80
1669 211 864 139
1100 288 308 182
1058 289 266 181
1097 292 305 186
1616 335 788 258
867 447 51 326
2099 476 1014 415
967 502 140 387
1958 511 863 442
2169 535 1069 478
2105 584 993 522
1431 593 585 503
2143 618 1024 559
2152 618 1035 559
1885 681 750 605
1882 717 741 641
1331 745 459 649
1930 766 778 692
1402 771 526 678
1110 780 237 670
1296 853 407 753
1279 911 381 809
1545 912 644 825
1525 912 625 824
1258 920 359 816
1398 921 498 826
1500 922 598 833
1519 923 617 835
1529 922 626 835
1369 927 468 830
1369 927 468 830
1167 976 261 866
1376 976 467 879
1467 977 556 885
1473 990 561 898
1174 991 265 881
1249 991 340 885
1635 999 691 915
1636 1008 691 924
1364 1046 444 948
1441 1048 520 954
1365 1064 443 965
1439 1069 515 974
1449 1118 517 1023
1165 1120 237 1008
1184 1122 255 1011
1019 1126 92 1005
1019 1126 92 1005
1135 1126 206 1011
1019 1131 92 1010
1227 1197 286 1087
1361 1206 417 1104
1571 1209 622 1119
1373 1209 429 1108
1403 1209 458 1110
1413 1209 467 1110
1129 1211 188 1095
1292 1211 348 1105
1678 1223 696 1138
1751 1259 763 1179
1513 1273 555 1179
1308 1279 354 1173
1799 1282 807 1204
1457 1288 498 1190
1366 1348 400 1244
1347 1366 379 1260
1408 1366 438 1265
1438 1368 468 1268
1059 1369 95 1247
1535 1434 552 1339
1353 1435 373 1329
1353 1435 373 1329
989 1436 15 1309
1392 1440 411 1336
1089 1441 113 1319
1517 1444 533 1347
1517 1444 533 1347
1124 1447 147 1327
1346 1449 364 1342
1510 1529 513 1431
1510 1529 513 1431
1689 1543 657 1453
1689 1543 657 1453
1643 1545 610 1453
1292 1592 290 1480
1128 1614 126 1492
1732 1616 688 1528
1362 1676 346 1566
1689 1683 633 1591
1283 1685 266 1571
2048 144 1284 97
1606 240 795 164
1126 241 343 138
1135 492 309 387
1967 509 872 440
2155 625 1036 565
1930 689 794 616
1838 706 699 627
1359 746 487 651
1179 772 306 667
1043 783 170 669
1499 836 611 748
1287 854 398 753
1273 855 384 753
1273 855 384 753
1290 902 394 801
1416 912 518 818
1416 912 518 818
1282 920 383 818
1282 920 383 818
1340 921 440 822
1355 920 454 823
1490 923 588 834
1435 995 522 901
1430 996 517 902
1431 1055 509 959
1356 1064 433 965
1375 1065 452 966
1009 1123 83 1001
1375 1127 443 1027
1411 1200 467 1101
1366 1203 423 1101
1261 1210 318 1102
1431 1276 474 1177
1451 1277 495 1179
1328 1280 374 1174
1164 1280 212 1166
1453 1284 495 1186
1362 1326 400 1222
1082 1356 119 1235
1084 1362 121 1241
1700 1390 691 1304
1441 1428 460 1327
993 1428 20 1301
1374 1436 394 1331
1363 1436 383 1331
1571 1444 585 1350
1073 1518 86 1395
1073 1518 86 1395
1287 1519 295 1407
1374 1521 381 1414
1516 1525 520 1427
1397 1527 403 1422
1311 1527 318 1417
1520 1529 523 1431
1568 1532 570 1438
1568 1532 570 1438
1452 1598 447 1495
1160 1604 159 1484
1166 1610 164 1490
2136 83 1383 42
2036 148 1271 100
1026 277 236 167
1052 277 262 169
1062 278 272 170
2184 463 1102 407
2284 466 1203 417
1268 468 444 371
2304 486 1219 436
1882 508 787 435
1872 531 771 457
1879 563 772 488
1387 583 544 492
1407 583 562 493
920 840 40 718
1220 908 323 802
1199 909 303 802
1275 909 379 806
1275 909 379 806
1500 912 600 823
1315 924 415 824
1315 924 415 824
1042 972 138 855
1469 980 558 888
1533 981 622 893
1629 1009 684 924
948 1046 35 922
1159 1117 231 1004
1150 1125 221 1012
1169 1217 227 1103
1169 1217 227 1103
1933 1253 979 1186
1398 1278 443 1177
1262 1291 307 1182
1501 1346 532 1250
1383 1356 415 1253
1007 1370 43 1245
1430 1434 450 1332
1341 1437 362 1330
1341 1437 362 1330
1159 1439 183 1321
1352 1442 372 1336
1351 1517 359 1410
1297 1519 306 1409
1384 1520 391 1414
1432 1604 426 1500
1432 1604 426 1500
1301 1604 297 1492
1134 1610 132 1488
1187 1618 183 1499
1717 1631 670 1542
1218 1687 204 1569
1993 138 1230 87
1121 251 336 147
1121 251 336 147
1072 279 283 173
2542 396 1483 363
2405 438 1332 396
1882 474 795 402
2262 514 1169 462
2344 575 1242 528
1091 840 208 728
1251 882 358 778
1178 971 273 862
1016 977 112 859
1516 981 603 892
1388 1200 445 1100
1165 1273 215 1159
2403 1366 1435 1325
1299 1375 329 1267
1424 1400 448 1298
1308 1438 329 1329
1359 1523 366 1416
1359 1523 366 1416
1140 1587 142 1465
1293 1688 277 1574
2313 471 1232 423
2327 578 1223 530
2023 688 888 619
1386 778 509 684
1052 842 169 728
1426 1056 504 960
1340 1357 373 1252
1440 1688 420 1582
1886 522 787 449
2151 580 1042 520
1092 761 221 650
1270 846 383 744
1480 913 580 823
1480 913 580 823
1262 1206 320 1098
1468 1606 461 1504
1188 1608 185 1490
1528 1687 507 1588
1992 499 900 432
2231 519 1137 466
1460 1113 528 1019
1504 1607 496 1507
1522 1673 503 1573
1352 759 478 664
1241 906 345 802
1214 1002 302 896
1123 312 328 207
1123 312 328 207
1351 811 469 715
1351 811 469 715
1167 1016 255 905
1131 1167 195 1053
1306 1477 322 1367
